2.00000  -34210.1  17845.2  15002.8  56279.1
2.03000  -33767.3  17651.3  15688.8  10778.6
2.06000  -33288.0  17414.5  16946.0  13116.8
2.09000  -32763.7  17133.6  18132.4  16933.0
2.12000  -32190.7  16795.8  19801.4  23837.7
2.15000  -31559.8  16392.4  22092.1  34385.3
2.18000  -30830.0  15804.3  26097.2  78395.6
2.18220  -30785.2  15804.5  25205.5  60470.5
2.18440  -30720.6  15741.3  25641.6  61814.9
2.18660  -30657.4  15673.4  25442.1  68564.4
2.18880  -30594.5  15625.1  24922.6  64623.8
2.19100  -30536.6  15571.2  24786.3  68297.4
2.19320  -30487.9  15534.8  25556.1  80132.7
2.19540  -30420.6  15427.0  26600.8  142882.
2.19760  -30368.6  15429.6  26040.0  83467.8
2.19980  -30309.3  15372.0  27133.4  93601.9
2.20200  -30266.4  15358.5  26991.7  102747.
2.20420  -30189.0  15265.7  27022.8  105987.
2.20640  -30147.3  15277.7  27022.5  81337.9
2.20860  -30065.2  15151.5  28203.1  117566.
2.21080  -29985.9  15002.4  28067.2  196926.
2.21300  -29915.3  14977.6  28343.1  112029.
2.21520  -29868.4  14943.5  28685.4  118985.
2.21740  -29798.6  14786.9  30510.7  257933.
2.21960  -29760.4  14892.4  28391.1  100519.
2.22180  -29658.4  14687.5  30387.9  171067.
2.22400  -29612.9  14687.7  29472.8  143679.
2.22620  -29541.0  14597.3  30834.3  164146.
2.22840  -29439.1  14389.0  31445.6  203141.
2.23060  -29401.8  14442.6  30038.5  148288.
2.23280  -29239.9  13998.2  32477.2  270014.
2.23500  -29248.5  14193.3  31705.6  203441.
2.23720  -28961.3  12436.4  50633.8  3.38936E+06
2.23940  -29081.1  13946.7  34206.9  268527.
2.24160  -29024.6  13914.7  35705.6  304906.
2.24380  -28911.5  13669.2  34688.3  302050.
2.24600  -28858.5  13636.8  35510.4  308241.
2.24820  -28650.8  12715.5  40627.9  1.19856E+06
2.25040  -28706.0  13429.5  34277.7  385106.
2.25260  -28558.4  13048.3  41085.1  555283.
2.25480  -28480.9  12886.8  35847.9  539342.
2.25700  -28395.9  12524.8  43118.7  1.34956E+06
2.25920  -28287.8  12361.6  48113.5  1.70890E+06
2.26140  -28129.2  11799.9  39957.1  958251.
2.26360  -28001.5  11274.5  46932.5  1.87024E+06
2.26580  -27951.6  11250.6  42363.2  1.39863E+06
2.26800  -28051.5  12304.0  41860.7  785182.
2.27020  -27437.6  6652.36  52745.0  8.04295E+06
2.27240  -27789.2  11412.4  43708.0  1.22258E+06
2.27460  -27552.8  9885.66  46505.2  3.56603E+06
2.27680  -27378.3  8430.23  50996.1  5.68854E+06
2.27900  -27333.8  9024.06  48389.4  4.29249E+06
2.28120  -27135.7  7481.14  48499.8  5.60298E+06
2.28340  -27055.0  7402.44  47291.4  5.23367E+06
2.28560  -26951.5  7010.43  48353.3  5.70817E+06
2.28780  -26845.1  6459.45  45095.2  5.23655E+06
2.29000  -26746.1  6334.06  43972.2  4.87953E+06
2.29220  -26624.9  5586.57  39160.6  4.12763E+06
2.29440  -26572.5  5705.16  41377.9  4.77326E+06
2.29660  -26465.2  4992.44  40240.7  4.53656E+06
2.29880  -26375.8  4785.62  38168.1  3.91250E+06
2.30100  -26325.0  4998.00  38711.6  4.13053E+06
2.30320  -26233.9  4549.12  36309.4  3.50150E+06
2.30540  -26141.2  4318.88  35265.2  3.21421E+06
2.30760  -26080.6  4233.98  35936.7  3.34737E+06
2.30980  -25988.7  3677.02  33510.9  2.81820E+06
2.31200  -25914.1  3657.28  33123.5  2.66853E+06
2.31420  -25837.3  3479.08  32162.5  2.44186E+06
2.31640  -25763.3  3383.18  32209.3  2.45010E+06
2.31860  -25695.4  3123.70  30750.3  2.05624E+06
2.32080  -25639.7  3254.19  31603.8  2.30855E+06
2.32300  -25560.0  2952.97  30700.8  1.97806E+06
2.32520  -25501.2  2816.49  29656.6  1.75163E+06
2.32740  -25435.1  2903.20  30111.0  1.86120E+06
2.32960  -25363.3  2682.68  29202.3  1.68556E+06
