2.01250  -34024.9  17774.4  17619.7  9930.22

2.02500  -33836.6  17685.1  18032.9  10704.3

2.03750  -33638.0  17585.4  18940.0  12465.0

2.05000  -33439.3  17486.9  19300.6  13589.2

2.06250  -33234.4  17383.3  19843.1  14688.4

2.07500  -33025.1  17277.9  20473.7  15673.8

2.08750  -32797.4  17145.4  20911.3  18277.3

2.10000  -32557.7  16952.8  26975.5  181378.

2.11250  -32339.5  16891.6  22218.5  28396.4

2.12500  -32083.6  16730.3  22897.4  33315.0

2.13750  -31818.1  16561.7  23604.5  35188.5

2.15000  -31542.7  16368.7  24675.4  43934.0

2.16250  -31266.1  16181.6  25310.3  51924.8

2.17500  -30957.3  15943.4  26896.4  63359.0

2.18750  -30643.9  15702.6  28098.7  67924.9

2.20000  -30287.1  15340.5  31801.9  103702.

2.21250  -29939.5  15019.4  31398.5  117478.

2.22500  -29585.5  14642.1  32685.1  166721.

2.23750  -29125.4  13932.6  40899.5  473509.

2.25000  -28686.2  13356.1  36356.6  381914.

2.26250  -28222.9  12524.1  42727.9  684629.

2.27500  -27599.6  10438.6  51999.2  3.20508E+06

2.28750  -26915.2  7257.09  47633.1  4.99257E+06

2.30000  -26373.4  5359.70  44708.8  4.55544E+06

2.31250  -25903.5  4172.82  35509.3  2.86854E+06

2.32500  -25477.8  2737.84  29254.9  1.49684E+06

2.33750  -25163.0  2427.73  28421.6  1.40134E+06

2.35000  -24786.6  1884.98  28161.1  852372.

2.36250  -24470.1  1806.33  26081.9  855470.

2.37500  -24161.7  1659.92  25009.3  649040.

2.38750  -23864.0  1664.15  23545.5  655778.


