2.00000  -2792.79  1458.23  1154.56  611.050
2.01250  -2777.95  1451.34  1196.13  673.521
2.02500  -2762.82  1444.37  1235.15  729.949
2.03750  -2747.34  1436.97  1268.73  803.101
2.05000  -2730.95  1428.77  1308.61  894.004
2.06250  -2714.04  1420.11  1357.41  1017.82
2.07500  -2696.19  1410.55  1407.07  1147.28
2.08750  -2678.10  1400.77  1463.71  1323.62
2.10000  -2659.16  1389.91  1520.22  1508.40
2.11250  -2639.74  1378.40  1588.53  1876.76
2.12500  -2619.02  1365.72  1661.68  2083.57
2.13750  -2597.82  1352.50  1728.36  2358.15
2.15000  -2576.35  1338.59  1789.84  2817.38
2.16250  -2552.78  1321.91  1883.28  3190.76
2.17500  -2528.87  1304.45  1987.01  3980.75
2.18750  -2500.21  1277.46  2167.08  5958.82
2.20000  -2474.91  1256.17  2251.17  7828.41
2.21250  -2444.51  1224.28  2420.31  10635.7
2.22500  -2415.48  1196.01  2537.72  12818.5
2.23750  -2380.33  1150.87  2755.67  18121.3
2.25000  -2343.58  1097.77  3000.02  25823.3
2.26250  -2308.11  1051.87  3068.93  28811.7
2.27500  -2265.99  979.655  3195.64  36787.9
2.28750  -2227.28  909.921  3319.68  44826.2
2.30000  -2192.59  864.668  3123.83  43024.5
2.31250  -2150.73  782.402  3099.17  48269.5
2.32500  -2111.19  704.951  2982.52  49292.7
2.33750  -2078.51  650.337  2774.83  47350.3
2.35000  -2042.30  575.808  2531.65  44818.2
2.36250  -2011.86  523.639  2345.63  41032.7
2.37500  -1985.13  490.498  2211.26  37174.3
2.38750  -1957.92  444.392  2071.94  33978.7
