2.00000  -17454.8  9113.19  7374.29  3896.50
2.01250  -17362.4  9070.62  7521.70  4221.88
2.02500  -17266.9  9025.82  7745.38  4567.32
2.03750  -17168.0  8977.74  8085.39  5181.66
2.05000  -17065.9  8926.26  8358.31  5986.06
2.06250  -16962.4  8875.31  8662.80  6468.35
2.07500  -16849.3  8810.88  9061.27  8527.41
2.08750  -16737.1  8751.57  9385.74  8641.10
2.10000  -16619.7  8687.02  9717.09  9397.95
2.11250  -16499.1  8615.94  10041.9  11162.0
2.12500  -16366.2  8530.59  10607.7  14164.9
2.13750  -16234.9  8450.39  10984.4  14849.1
2.15000  -16098.2  8361.60  11474.7  17114.6
2.16250  -15947.8  8243.37  11814.3  23726.7
2.17500  -15800.5  8141.61  12715.3  25614.0
2.18750  -15640.4  8016.56  12971.7  28925.7
2.20000  -15455.2  7826.07  14444.5  53469.0
2.21250  -15282.7  7681.20  14840.9  51757.3
2.22500  -15090.8  7454.01  15934.6  92118.8
2.23750  -14852.9  7103.68  18391.6  157149.
2.25000  -14621.4  6740.85  18584.9  231235.
2.26250  -14419.7  6512.38  20844.4  257828.
2.27500  -14009.6  4857.68  25587.9  1.46832E+06
2.28750  -13730.5  4033.82  23630.1  1.57484E+06
2.30000  -13488.0  3377.29  21638.5  1.43645E+06
2.31250  -13245.2  2690.20  18461.1  1.17085E+06
2.32500  -13019.7  2031.94  15691.9  817981.
2.33750  -12836.2  1840.64  14830.4  698869.
2.35000  -12653.2  1509.65  13480.7  500922.
2.36250  -12488.4  1340.53  12774.6  397102.
2.37500  -12333.5  1228.93  12229.8  330783.
2.38750  -12183.0  1115.73  11699.5  279017.
