2.00000  -6283.17  3279.50  2650.86  1628.57
2.01250  -6250.10  3264.93  2721.81  1546.72
2.02500  -6215.70  3248.73  2812.00  1710.95
2.03750  -6180.07  3231.39  2897.87  1884.91
2.05000  -6143.59  3213.47  3008.39  2097.89
2.06250  -6106.23  3194.92  3100.65  2272.72
2.07500  -6066.75  3173.99  3228.55  2628.66
2.08750  -6025.93  3152.02  3335.57  2939.41
2.10000  -5983.70  3128.43  3451.39  3299.25
2.11250  -5939.90  3103.48  3587.64  3760.60
2.12500  -5895.78  3077.79  3704.62  4278.20
2.13750  -5847.55  3046.55  3850.51  4990.67
2.15000  -5798.36  3014.35  4025.25  5825.02
2.16250  -5745.14  2975.98  4197.61  6969.01
2.17500  -5687.72  2930.95  4440.27  9023.49
2.18750  -5626.83  2875.23  4746.15  13541.1
2.20000  -5572.95  2838.03  4984.23  14355.6
2.21250  -5505.54  2768.68  5369.65  20663.1
2.22500  -5433.88  2691.01  5754.98  29113.4
2.23750  -5357.34  2592.71  6209.41  43560.6
2.25000  -5266.30  2430.92  7104.94  95516.4
2.26250  -5174.52  2234.42  7638.35  164901.
2.27500  -5085.57  2098.22  7588.95  151877.
2.28750  -4978.77  1823.73  8030.35  212407.
2.30000  -4893.40  1652.32  7814.86  222514.
2.31250  -4794.04  1391.60  6902.41  221172.
2.32500  -4714.56  1239.99  6460.21  199197.
2.33750  -4634.13  1036.89  5813.84  177079.
2.35000  -4567.78  931.865  5335.45  152916.
2.36250  -4500.00  785.830  4813.56  123389.
2.37500  -4445.23  743.103  4615.69  108475.
2.38750  -4388.56  676.606  4328.89  92694.0
