0.00000
0.00000
0.00000
0.00000
0.00000
0.00000
0.00000
0.00000
0.00000
0.00000
0.00000
0.00000
0.00000
0.00000
0.00000
0.00000
0.00000
0.00000
0.00000
0.00000
0.00000
0.00000
0.00000
0.00000
0.00000
0.00000
0.00000
0.00000
0.00000
0.00000
0.00000
0.00000
0.00000
0.00000
0.00000
0.00000
0.00000
0.00000
0.00000
0.00000
0.00000
0.00000
0.00000
0.00000
0.00000
0.00000
0.00000
0.00000
0.00000
0.00000
0.00000
0.00000
0.00000
0.00000
0.00000
0.00000
0.00000
0.00000
0.00000
0.00000
0.00000
0.00000
0.00000
0.00000
0.00000
0.00000
0.00000
0.00000
0.00000
0.00000
0.00000
0.00000
0.00000
0.00000
0.00000
0.00000
0.00000
0.00000
0.00000
0.00000
0.00000
0.00000
0.00000
0.00000
0.00000
0.00000
0.00000
0.00000
0.00000
0.00000
0.00000
0.00000
0.00000
0.00000
0.00000
0.00000
0.00000
0.00000
0.00000
0.00000
0.00000
0.00000
0.00000
0.00000
0.00000
0.00000
0.00000
0.00000
0.00000
0.00000
0.00000
0.00000
0.00000
0.00000
0.00000
0.00000
0.00000
0.00000
0.00000
0.00000
0.00000
0.00000
0.00000
0.00000
0.00000
0.00000
0.00000
0.00000
0.000100000
0.00000
0.00000
0.00000
0.00000
0.00000
0.000100000
0.00000
0.00000
0.00000
0.00000
0.00000
0.000200000
0.000100000
0.000300000
0.00100000
0.00110000
0.00280000
0.00350000
0.00580000
0.00580000
0.00790000
0.0138000
0.0180000
0.0219000
0.0278000
0.0327000
0.0402000
0.0467000
0.0457000
0.0515000
0.0564000
0.0600000
0.0575000
0.0533000
0.0562000
0.0532000
0.0416000
0.0407000
0.0402000
0.0426000
0.0336000
0.0275000
0.0233000
0.0196000
0.0166000
0.0120000
0.0112000
0.00820000
0.00540000
0.00500000
0.00410000
0.00150000
0.00120000
0.00120000
0.000500000
0.000300000
0.000100000
0.00000
0.00000
0.00000
0.00000
0.00000
0.00000
0.00000
0.00000
0.00000
0.00000
0.00000
0.00000
0.00000
0.00000
