-800.000  400.000  0
-800.000  400.000  1
-800.000  400.000  2
-800.000  400.000  3
-800.000  400.000  4
-800.000  400.000  5
-800.000  400.000  6
-800.000  400.000  7
-800.000  400.000  8
-800.000  400.000  9
-800.000  400.000  10
-800.000  400.000  11
-800.000  400.000  12
-800.000  400.000  13
-800.000  400.000  14
-800.000  400.000  15
-800.000  400.000  16
-800.000  400.000  17
-800.000  400.000  18
-800.000  400.000  19
-800.000  400.000  20
-800.000  400.000  21
-800.000  400.000  22
-800.000  400.000  23
-788.000  396.000  24
-800.000  400.000  25
-800.000  400.000  26
-800.000  400.000  27
-800.000  400.000  28
-800.000  400.000  29
-800.000  400.000  30
-792.000  398.000  31
-800.000  400.000  32
-800.000  400.000  33
-800.000  400.000  34
-800.000  400.000  35
-792.000  398.000  36
-800.000  400.000  37
-800.000  400.000  38
-792.000  398.000  39
-800.000  400.000  40
-800.000  400.000  41
-800.000  400.000  42
-800.000  400.000  43
-800.000  400.000  44
-800.000  400.000  45
-800.000  400.000  46
-800.000  400.000  47
-800.000  400.000  48
-800.000  400.000  49
-800.000  400.000  50
-800.000  400.000  51
-800.000  400.000  52
-800.000  400.000  53
-792.000  398.000  54
-800.000  400.000  55
-800.000  400.000  56
-800.000  400.000  57
-800.000  400.000  58
-800.000  400.000  59
-800.000  400.000  60
-800.000  400.000  61
-800.000  400.000  62
-800.000  400.000  63
-800.000  400.000  64
-800.000  400.000  65
-800.000  400.000  66
-800.000  400.000  67
-800.000  400.000  68
-800.000  400.000  69
-800.000  400.000  70
-800.000  400.000  71
-800.000  400.000  72
-800.000  400.000  73
-800.000  400.000  74
-800.000  400.000  75
-800.000  400.000  76
-800.000  400.000  77
-800.000  400.000  78
-800.000  400.000  79
-800.000  400.000  80
-800.000  400.000  81
-800.000  400.000  82
-800.000  400.000  83
-792.000  398.000  84
-792.000  398.000  85
-800.000  400.000  86
-800.000  400.000  87
-800.000  400.000  88
-800.000  400.000  89
-800.000  400.000  90
-800.000  400.000  91
-800.000  400.000  92
-800.000  400.000  93
-800.000  400.000  94
-800.000  400.000  95
-800.000  400.000  96
-800.000  400.000  97
-800.000  400.000  98
-800.000  400.000  99
-800.000  400.000  100
-800.000  400.000  101
-800.000  400.000  102
-800.000  400.000  103
-800.000  400.000  104
-800.000  400.000  105
-800.000  400.000  106
-800.000  400.000  107
-800.000  400.000  108
-800.000  400.000  109
-800.000  400.000  110
-800.000  400.000  111
-800.000  400.000  112
-800.000  400.000  113
-792.000  398.000  114
-784.000  396.000  115
-792.000  398.000  116
-800.000  400.000  117
-800.000  400.000  118
-800.000  400.000  119
-800.000  400.000  120
-800.000  400.000  121
-800.000  400.000  122
-800.000  400.000  123
-800.000  400.000  124
-800.000  400.000  125
-800.000  400.000  126
-800.000  400.000  127
-800.000  400.000  128
-800.000  400.000  129
-800.000  400.000  130
-800.000  400.000  131
-800.000  400.000  132
-800.000  400.000  133
-800.000  400.000  134
-800.000  400.000  135
-800.000  400.000  136
-800.000  400.000  137
-800.000  400.000  138
-800.000  400.000  139
-800.000  400.000  140
-800.000  400.000  141
-800.000  400.000  142
-800.000  400.000  143
-800.000  400.000  144
-792.000  398.000  145
-792.000  398.000  146
-800.000  400.000  147
-800.000  400.000  148
-800.000  400.000  149
-800.000  400.000  150
-800.000  400.000  151
-800.000  400.000  152
-800.000  400.000  153
-800.000  400.000  154
-800.000  400.000  155
-800.000  400.000  156
-800.000  400.000  157
-800.000  400.000  158
-800.000  400.000  159
-800.000  400.000  160
-800.000  400.000  161
-800.000  400.000  162
-800.000  400.000  163
-800.000  400.000  164
-800.000  400.000  165
-800.000  400.000  166
-800.000  400.000  167
-800.000  400.000  168
-800.000  400.000  169
-800.000  400.000  170
-800.000  400.000  171
-792.000  398.000  172
-800.000  400.000  173
-800.000  400.000  174
-800.000  400.000  175
-800.000  400.000  176
-800.000  400.000  177
-800.000  400.000  178
-800.000  400.000  179
-800.000  400.000  180
-800.000  400.000  181
-792.000  398.000  182
-792.000  398.000  183
-800.000  400.000  184
-800.000  400.000  185
-800.000  400.000  186
-800.000  400.000  187
-800.000  400.000  188
-800.000  400.000  189
-800.000  400.000  190
-800.000  400.000  191
-800.000  400.000  192
-800.000  400.000  193
-800.000  400.000  194
-800.000  400.000  195
-800.000  400.000  196
-800.000  400.000  197
-800.000  400.000  198
-800.000  400.000  199
-800.000  400.000  200
-800.000  400.000  201
-800.000  400.000  202
-800.000  400.000  203
-800.000  400.000  204
-800.000  400.000  205
-800.000  400.000  206
-800.000  400.000  207
-800.000  400.000  208
-800.000  400.000  209
-800.000  400.000  210
-800.000  400.000  211
-800.000  400.000  212
-800.000  400.000  213
-800.000  400.000  214
-800.000  400.000  215
-792.000  398.000  216
-792.000  398.000  217
-800.000  400.000  218
-800.000  400.000  219
-792.000  398.000  220
-800.000  400.000  221
-800.000  400.000  222
-800.000  400.000  223
-800.000  400.000  224
-800.000  400.000  225
-800.000  400.000  226
-800.000  400.000  227
-800.000  400.000  228
-792.000  398.000  229
-792.000  398.000  230
-800.000  400.000  231
-800.000  400.000  232
-800.000  400.000  233
-800.000  400.000  234
-800.000  400.000  235
-800.000  400.000  236
-792.000  398.000  237
-784.000  396.000  238
-792.000  398.000  239
-800.000  400.000  240
-800.000  400.000  241
-800.000  400.000  242
-800.000  400.000  243
-800.000  400.000  244
-800.000  400.000  245
-800.000  400.000  246
-800.000  400.000  247
-800.000  400.000  248
-800.000  400.000  249
-800.000  400.000  250
-800.000  400.000  251
-800.000  400.000  252
-792.000  398.000  253
-800.000  400.000  254
-800.000  400.000  255
-800.000  400.000  256
-800.000  400.000  257
-800.000  400.000  258
-800.000  400.000  259
-800.000  400.000  260
-800.000  400.000  261
-800.000  400.000  262
-800.000  400.000  263
-800.000  400.000  264
-800.000  400.000  265
-800.000  400.000  266
-800.000  400.000  267
-792.000  398.000  268
-800.000  400.000  269
-800.000  400.000  270
-800.000  400.000  271
-800.000  400.000  272
-800.000  400.000  273
-800.000  400.000  274
-800.000  400.000  275
-800.000  400.000  276
-800.000  400.000  277
-800.000  400.000  278
-800.000  400.000  279
-800.000  400.000  280
-800.000  400.000  281
-800.000  400.000  282
-800.000  400.000  283
-800.000  400.000  284
-800.000  400.000  285
-800.000  400.000  286
-800.000  400.000  287
-784.000  396.000  288
-784.000  396.000  289
-800.000  400.000  290
-800.000  400.000  291
-800.000  400.000  292
-800.000  400.000  293
-800.000  400.000  294
-800.000  400.000  295
-800.000  400.000  296
-800.000  400.000  297
-800.000  400.000  298
-800.000  400.000  299
-800.000  400.000  300
-800.000  400.000  301
-800.000  400.000  302
-800.000  400.000  303
-800.000  400.000  304
-800.000  400.000  305
-800.000  400.000  306
-800.000  400.000  307
-800.000  400.000  308
-800.000  400.000  309
-800.000  400.000  310
-800.000  400.000  311
-800.000  400.000  312
-800.000  400.000  313
-800.000  400.000  314
-800.000  400.000  315
-800.000  400.000  316
-800.000  400.000  317
-800.000  400.000  318
-800.000  400.000  319
-800.000  400.000  320
-800.000  400.000  321
-800.000  400.000  322
-800.000  400.000  323
-800.000  400.000  324
-800.000  400.000  325
-800.000  400.000  326
-792.000  398.000  327
-792.000  398.000  328
-800.000  400.000  329
-800.000  400.000  330
-800.000  400.000  331
-792.000  398.000  332
-800.000  400.000  333
-800.000  400.000  334
-792.000  398.000  335
-784.000  394.000  336
-792.000  398.000  337
-800.000  400.000  338
-800.000  400.000  339
-792.000  398.000  340
-792.000  398.000  341
-800.000  400.000  342
-792.000  398.000  343
-800.000  400.000  344
-800.000  400.000  345
-800.000  400.000  346
-800.000  400.000  347
-800.000  400.000  348
-800.000  400.000  349
-800.000  400.000  350
-800.000  400.000  351
-800.000  400.000  352
-800.000  400.000  353
-800.000  400.000  354
-800.000  400.000  355
-800.000  400.000  356
-800.000  400.000  357
-800.000  400.000  358
-800.000  400.000  359
-800.000  400.000  360
-800.000  400.000  361
-800.000  400.000  362
-792.000  398.000  363
-792.000  398.000  364
-800.000  400.000  365
-792.000  398.000  366
-792.000  398.000  367
-784.000  396.000  368
-792.000  398.000  369
-800.000  400.000  370
-800.000  400.000  371
-792.000  398.000  372
-792.000  398.000  373
-800.000  400.000  374
-800.000  400.000  375
-800.000  400.000  376
-800.000  400.000  377
-800.000  400.000  378
-800.000  400.000  379
-800.000  400.000  380
-800.000  400.000  381
-792.000  398.000  382
-800.000  400.000  383
-800.000  400.000  384
-800.000  400.000  385
-800.000  400.000  386
-800.000  400.000  387
-792.000  398.000  388
-792.000  398.000  389
-788.000  396.000  390
-800.000  400.000  391
-800.000  400.000  392
-800.000  400.000  393
-792.000  398.000  394
-800.000  400.000  395
-800.000  400.000  396
-800.000  400.000  397
-800.000  400.000  398
-800.000  400.000  399
-800.000  400.000  400
-792.000  398.000  401
-784.000  396.000  402
-792.000  398.000  403
-792.000  398.000  404
-800.000  400.000  405
-800.000  400.000  406
-800.000  400.000  407
-800.000  400.000  408
-800.000  400.000  409
-800.000  400.000  410
-800.000  400.000  411
-792.000  398.000  412
-800.000  400.000  413
-800.000  400.000  414
-800.000  400.000  415
-800.000  400.000  416
-800.000  400.000  417
-800.000  400.000  418
-800.000  400.000  419
-800.000  400.000  420
-800.000  400.000  421
-800.000  400.000  422
-800.000  400.000  423
-792.000  398.000  424
-792.000  398.000  425
-800.000  400.000  426
-800.000  400.000  427
-800.000  400.000  428
-800.000  400.000  429
-800.000  400.000  430
-800.000  400.000  431
-800.000  400.000  432
-800.000  400.000  433
-800.000  400.000  434
-800.000  400.000  435
-800.000  400.000  436
-800.000  400.000  437
-800.000  400.000  438
-800.000  400.000  439
-800.000  400.000  440
-800.000  400.000  441
-800.000  400.000  442
-800.000  400.000  443
-800.000  400.000  444
-800.000  400.000  445
-800.000  400.000  446
-800.000  400.000  447
-800.000  400.000  448
-800.000  400.000  449
-800.000  400.000  450
-800.000  400.000  451
-800.000  400.000  452
-800.000  400.000  453
-800.000  400.000  454
-800.000  400.000  455
-800.000  400.000  456
-800.000  400.000  457
-788.000  396.000  458
-792.000  398.000  459
-800.000  400.000  460
-800.000  400.000  461
-800.000  400.000  462
-800.000  400.000  463
-800.000  400.000  464
-800.000  400.000  465
-792.000  398.000  466
-792.000  398.000  467
-800.000  400.000  468
-800.000  400.000  469
-800.000  400.000  470
-800.000  400.000  471
-800.000  400.000  472
-800.000  400.000  473
-800.000  400.000  474
-800.000  400.000  475
-800.000  400.000  476
-800.000  400.000  477
-800.000  400.000  478
-800.000  400.000  479
-800.000  400.000  480
-800.000  400.000  481
-800.000  400.000  482
-800.000  400.000  483
-792.000  398.000  484
-800.000  400.000  485
-800.000  400.000  486
-800.000  400.000  487
-800.000  400.000  488
-792.000  398.000  489
-792.000  398.000  490
-792.000  398.000  491
-792.000  398.000  492
-780.000  392.000  493
-800.000  400.000  494
-800.000  400.000  495
-800.000  400.000  496
-800.000  400.000  497
-800.000  400.000  498
-800.000  400.000  499
