-308.000  32.0000  0
-424.000  44.0000  1
-468.000  56.0000  2
-544.000  74.0000  3
-584.000  82.0000  4
-604.000  94.0000  5
-612.000  80.0000  6
-608.000  54.0000  7
-628.000  74.0000  8
-628.000  70.0000  9
-620.000  38.0000  10
-624.000  30.0000  11
-624.000  18.0000  12
-636.000  24.0000  13
-636.000  26.0000  14
-636.000  14.0000  15
-628.000  12.0000  16
-632.000  4.00000  17
-636.000  42.0000  18
-636.000  36.0000  19
-636.000  44.0000  20
-640.000  36.0000  21
-640.000  22.0000  22
-624.000  0.00000  23
-624.000  4.00000  24
-628.000  24.0000  25
-632.000  -12.0000  26
-632.000  -16.0000  27
-632.000  8.00000  28
-636.000  18.0000  29
-640.000  14.0000  30
-632.000  20.0000  31
-640.000  32.0000  32
-636.000  48.0000  33
-632.000  42.0000  34
-636.000  48.0000  35
-640.000  26.0000  36
-640.000  42.0000  37
-636.000  32.0000  38
-628.000  8.00000  39
-632.000  6.00000  40
-636.000  2.00000  41
-636.000  -10.0000  42
-636.000  -4.00000  43
-640.000  -32.0000  44
-640.000  -22.0000  45
-632.000  -14.0000  46
-632.000  -46.0000  47
-632.000  -56.0000  48
-640.000  -62.0000  49
-640.000  -88.0000  50
-640.000  -98.0000  51
-640.000  -88.0000  52
-640.000  -104.000  53
-628.000  -114.000  54
-628.000  -104.000  55
-636.000  -114.000  56
-636.000  -130.000  57
-628.000  -146.000  58
-636.000  -146.000  59
-636.000  -152.000  60
-636.000  -154.000  61
-640.000  -160.000  62
-652.000  -178.000  63
-652.000  -190.000  64
-652.000  -198.000  65
-660.000  -230.000  66
-684.000  -254.000  67
-676.000  -248.000  68
-688.000  -268.000  69
-704.000  -276.000  70
-704.000  -294.000  71
-712.000  -306.000  72
-712.000  -292.000  73
-708.000  -310.000  74
-716.000  -332.000  75
-732.000  -346.000  76
-748.000  -360.000  77
-748.000  -360.000  78
-760.000  -372.000  79
-768.000  -372.000  80
-764.000  -374.000  81
-768.000  -384.000  82
-772.000  -388.000  83
-772.000  -384.000  84
-776.000  -388.000  85
-776.000  -390.000  86
-780.000  -394.000  87
-784.000  -396.000  88
-800.000  -400.000  89
-792.000  -398.000  90
-800.000  -400.000  91
-800.000  -400.000  92
-800.000  -400.000  93
-800.000  -400.000  94
-800.000  -400.000  95
-800.000  -400.000  96
-800.000  -400.000  97
-800.000  -400.000  98
-800.000  -400.000  99
-800.000  -400.000  100
-800.000  -400.000  101
-800.000  -400.000  102
-800.000  -400.000  103
-800.000  -400.000  104
-800.000  -400.000  105
-800.000  -400.000  106
-800.000  -400.000  107
-792.000  -398.000  108
-792.000  -398.000  109
-792.000  -398.000  110
-792.000  -398.000  111
-792.000  -398.000  112
-800.000  -400.000  113
-800.000  -400.000  114
-800.000  -400.000  115
-800.000  -400.000  116
-800.000  -400.000  117
-792.000  -398.000  118
-792.000  -398.000  119
-800.000  -400.000  120
-800.000  -400.000  121
-800.000  -400.000  122
-792.000  -398.000  123
-792.000  -398.000  124
-800.000  -400.000  125
-800.000  -400.000  126
-800.000  -400.000  127
-800.000  -400.000  128
-800.000  -400.000  129
-800.000  -400.000  130
-792.000  -398.000  131
-800.000  -400.000  132
-800.000  -400.000  133
-800.000  -400.000  134
-800.000  -400.000  135
-800.000  -400.000  136
-800.000  -400.000  137
-800.000  -400.000  138
-800.000  -400.000  139
-800.000  -400.000  140
-800.000  -400.000  141
-800.000  -400.000  142
-792.000  -398.000  143
-776.000  -394.000  144
-792.000  -398.000  145
-800.000  -400.000  146
-800.000  -400.000  147
-800.000  -400.000  148
-800.000  -400.000  149
-800.000  -400.000  150
-800.000  -400.000  151
-800.000  -400.000  152
-800.000  -400.000  153
-792.000  -398.000  154
-800.000  -400.000  155
-800.000  -400.000  156
-800.000  -400.000  157
-800.000  -400.000  158
-800.000  -400.000  159
-800.000  -400.000  160
-800.000  -400.000  161
-800.000  -400.000  162
-800.000  -400.000  163
-800.000  -400.000  164
-800.000  -400.000  165
-800.000  -400.000  166
-800.000  -400.000  167
-800.000  -400.000  168
-792.000  -398.000  169
-792.000  -398.000  170
-800.000  -400.000  171
-800.000  -400.000  172
-800.000  -400.000  173
-800.000  -400.000  174
-800.000  -400.000  175
-800.000  -400.000  176
-800.000  -400.000  177
-800.000  -400.000  178
-800.000  -400.000  179
-800.000  -400.000  180
-800.000  -400.000  181
-800.000  -400.000  182
-800.000  -400.000  183
-800.000  -400.000  184
-800.000  -400.000  185
-792.000  -398.000  186
-800.000  -400.000  187
-800.000  -400.000  188
-800.000  -400.000  189
-792.000  -398.000  190
-792.000  -398.000  191
-800.000  -400.000  192
-800.000  -400.000  193
-800.000  -400.000  194
-800.000  -400.000  195
-800.000  -400.000  196
-800.000  -400.000  197
-800.000  -400.000  198
-800.000  -400.000  199
-800.000  -400.000  200
-800.000  -400.000  201
-800.000  -400.000  202
-800.000  -400.000  203
-800.000  -400.000  204
-800.000  -400.000  205
-800.000  -400.000  206
-800.000  -400.000  207
-800.000  -400.000  208
-800.000  -400.000  209
-800.000  -400.000  210
-800.000  -400.000  211
-800.000  -400.000  212
-800.000  -400.000  213
-800.000  -400.000  214
-800.000  -400.000  215
-800.000  -400.000  216
-800.000  -400.000  217
-800.000  -400.000  218
-800.000  -400.000  219
-784.000  -396.000  220
-792.000  -398.000  221
-792.000  -398.000  222
-792.000  -398.000  223
-800.000  -400.000  224
-800.000  -400.000  225
-800.000  -400.000  226
-800.000  -400.000  227
-800.000  -400.000  228
-800.000  -400.000  229
-800.000  -400.000  230
-800.000  -400.000  231
-800.000  -400.000  232
-792.000  -398.000  233
-800.000  -400.000  234
-800.000  -400.000  235
-800.000  -400.000  236
-800.000  -400.000  237
-800.000  -400.000  238
-800.000  -400.000  239
-792.000  -398.000  240
-792.000  -398.000  241
-800.000  -400.000  242
-800.000  -400.000  243
-800.000  -400.000  244
-800.000  -400.000  245
-792.000  -398.000  246
-800.000  -400.000  247
-800.000  -400.000  248
-800.000  -400.000  249
-800.000  -400.000  250
-800.000  -400.000  251
-800.000  -400.000  252
-800.000  -400.000  253
-800.000  -400.000  254
-800.000  -400.000  255
-800.000  -400.000  256
-800.000  -400.000  257
-800.000  -400.000  258
-800.000  -400.000  259
-800.000  -400.000  260
-800.000  -400.000  261
-800.000  -400.000  262
-800.000  -400.000  263
-800.000  -400.000  264
-800.000  -400.000  265
-800.000  -400.000  266
-800.000  -400.000  267
-800.000  -400.000  268
-800.000  -400.000  269
-800.000  -400.000  270
-800.000  -400.000  271
-800.000  -400.000  272
-800.000  -400.000  273
-800.000  -400.000  274
-800.000  -400.000  275
-800.000  -400.000  276
-800.000  -400.000  277
-800.000  -400.000  278
-800.000  -400.000  279
-800.000  -400.000  280
-800.000  -400.000  281
-800.000  -400.000  282
-800.000  -400.000  283
-800.000  -400.000  284
-800.000  -400.000  285
-800.000  -400.000  286
-800.000  -400.000  287
-792.000  -398.000  288
-792.000  -398.000  289
-792.000  -398.000  290
-800.000  -400.000  291
-800.000  -400.000  292
-800.000  -400.000  293
-800.000  -400.000  294
-800.000  -400.000  295
-800.000  -400.000  296
-800.000  -400.000  297
-800.000  -400.000  298
-800.000  -400.000  299
-800.000  -400.000  300
-800.000  -400.000  301
-784.000  -396.000  302
-776.000  -394.000  303
-784.000  -396.000  304
-800.000  -400.000  305
-792.000  -398.000  306
-792.000  -398.000  307
-800.000  -400.000  308
-800.000  -400.000  309
-800.000  -400.000  310
-800.000  -400.000  311
-800.000  -400.000  312
-800.000  -400.000  313
-800.000  -400.000  314
-800.000  -400.000  315
-800.000  -400.000  316
-800.000  -400.000  317
-800.000  -400.000  318
-800.000  -400.000  319
-800.000  -400.000  320
-800.000  -400.000  321
-800.000  -400.000  322
-800.000  -400.000  323
-800.000  -400.000  324
-800.000  -400.000  325
-800.000  -400.000  326
-800.000  -400.000  327
-800.000  -400.000  328
-800.000  -400.000  329
-800.000  -400.000  330
-800.000  -400.000  331
-800.000  -400.000  332
-800.000  -400.000  333
-800.000  -400.000  334
-800.000  -400.000  335
-800.000  -400.000  336
-800.000  -400.000  337
-800.000  -400.000  338
-792.000  -398.000  339
-792.000  -398.000  340
-792.000  -398.000  341
-792.000  -398.000  342
-800.000  -400.000  343
-800.000  -400.000  344
-800.000  -400.000  345
-800.000  -400.000  346
-800.000  -400.000  347
-800.000  -400.000  348
-800.000  -400.000  349
-800.000  -400.000  350
-800.000  -400.000  351
-792.000  -398.000  352
-784.000  -396.000  353
-800.000  -400.000  354
-800.000  -400.000  355
-800.000  -400.000  356
-800.000  -400.000  357
-800.000  -400.000  358
-800.000  -400.000  359
-800.000  -400.000  360
-800.000  -400.000  361
-800.000  -400.000  362
-800.000  -400.000  363
-800.000  -400.000  364
-800.000  -400.000  365
-800.000  -400.000  366
-800.000  -400.000  367
-800.000  -400.000  368
-800.000  -400.000  369
-800.000  -400.000  370
-800.000  -400.000  371
-800.000  -400.000  372
-800.000  -400.000  373
-800.000  -400.000  374
-792.000  -398.000  375
-800.000  -400.000  376
-800.000  -400.000  377
-800.000  -400.000  378
-800.000  -400.000  379
-800.000  -400.000  380
-800.000  -400.000  381
-800.000  -400.000  382
-800.000  -400.000  383
-800.000  -400.000  384
-800.000  -400.000  385
-800.000  -400.000  386
-800.000  -400.000  387
-800.000  -400.000  388
-792.000  -398.000  389
-800.000  -400.000  390
-800.000  -400.000  391
-800.000  -400.000  392
-800.000  -400.000  393
-800.000  -400.000  394
-800.000  -400.000  395
-800.000  -400.000  396
-800.000  -400.000  397
-792.000  -398.000  398
-800.000  -400.000  399
-800.000  -400.000  400
-800.000  -400.000  401
-800.000  -400.000  402
-800.000  -400.000  403
-800.000  -400.000  404
-800.000  -400.000  405
-800.000  -400.000  406
-800.000  -400.000  407
-800.000  -400.000  408
-800.000  -400.000  409
-800.000  -400.000  410
-800.000  -400.000  411
-800.000  -400.000  412
-800.000  -400.000  413
-800.000  -400.000  414
-800.000  -400.000  415
-800.000  -400.000  416
-792.000  -398.000  417
-800.000  -400.000  418
-800.000  -400.000  419
-800.000  -400.000  420
-800.000  -400.000  421
-800.000  -400.000  422
-800.000  -400.000  423
-800.000  -400.000  424
-800.000  -400.000  425
-800.000  -400.000  426
-800.000  -400.000  427
-800.000  -400.000  428
-800.000  -400.000  429
-800.000  -400.000  430
-800.000  -400.000  431
-800.000  -400.000  432
-800.000  -400.000  433
-800.000  -400.000  434
-800.000  -400.000  435
-800.000  -400.000  436
-800.000  -400.000  437
-800.000  -400.000  438
-800.000  -400.000  439
-800.000  -400.000  440
-800.000  -400.000  441
-800.000  -400.000  442
-800.000  -400.000  443
-800.000  -400.000  444
-792.000  -398.000  445
-800.000  -400.000  446
-800.000  -400.000  447
-800.000  -400.000  448
-800.000  -400.000  449
-800.000  -400.000  450
-800.000  -400.000  451
-800.000  -400.000  452
-800.000  -400.000  453
-800.000  -400.000  454
-800.000  -400.000  455
-800.000  -400.000  456
-800.000  -400.000  457
-800.000  -400.000  458
-800.000  -400.000  459
-800.000  -400.000  460
-800.000  -400.000  461
-800.000  -400.000  462
-800.000  -400.000  463
-800.000  -400.000  464
-800.000  -400.000  465
-800.000  -400.000  466
-800.000  -400.000  467
-800.000  -400.000  468
-800.000  -400.000  469
-800.000  -400.000  470
-800.000  -400.000  471
-800.000  -400.000  472
-800.000  -400.000  473
-800.000  -400.000  474
-792.000  -398.000  475
-800.000  -400.000  476
-792.000  -398.000  477
-800.000  -400.000  478
-800.000  -400.000  479
-800.000  -400.000  480
-800.000  -400.000  481
-800.000  -400.000  482
-800.000  -400.000  483
-800.000  -400.000  484
-800.000  -400.000  485
-800.000  -400.000  486
-800.000  -400.000  487
-800.000  -400.000  488
-800.000  -400.000  489
-792.000  -398.000  490
-792.000  -398.000  491
-800.000  -400.000  492
-800.000  -400.000  493
-800.000  -400.000  494
-800.000  -400.000  495
-800.000  -400.000  496
-800.000  -400.000  497
-800.000  -400.000  498
-792.000  -398.000  499
-792.000  -398.000  500
-800.000  -400.000  501
-800.000  -400.000  502
-800.000  -400.000  503
-800.000  -400.000  504
-800.000  -400.000  505
-800.000  -400.000  506
-800.000  -400.000  507
-800.000  -400.000  508
-800.000  -400.000  509
-800.000  -400.000  510
-800.000  -400.000  511
-800.000  -400.000  512
-800.000  -400.000  513
-800.000  -400.000  514
-800.000  -400.000  515
-800.000  -400.000  516
-800.000  -400.000  517
-800.000  -400.000  518
-800.000  -400.000  519
-800.000  -400.000  520
-800.000  -400.000  521
-800.000  -400.000  522
-800.000  -400.000  523
-792.000  -398.000  524
-800.000  -400.000  525
-792.000  -398.000  526
-800.000  -400.000  527
-800.000  -400.000  528
-800.000  -400.000  529
-800.000  -400.000  530
-800.000  -400.000  531
-800.000  -400.000  532
-800.000  -400.000  533
-800.000  -400.000  534
-800.000  -400.000  535
-800.000  -400.000  536
-800.000  -400.000  537
-800.000  -400.000  538
-800.000  -400.000  539
-800.000  -400.000  540
-800.000  -400.000  541
-800.000  -400.000  542
-800.000  -400.000  543
-800.000  -400.000  544
-800.000  -400.000  545
-800.000  -400.000  546
-800.000  -400.000  547
-800.000  -400.000  548
-800.000  -400.000  549
-800.000  -400.000  550
-800.000  -400.000  551
-800.000  -400.000  552
-800.000  -400.000  553
-800.000  -400.000  554
-800.000  -400.000  555
-800.000  -400.000  556
-800.000  -400.000  557
-800.000  -400.000  558
-800.000  -400.000  559
-800.000  -400.000  560
-800.000  -400.000  561
-800.000  -400.000  562
-800.000  -400.000  563
-800.000  -400.000  564
-800.000  -400.000  565
-800.000  -400.000  566
-800.000  -400.000  567
-800.000  -400.000  568
-800.000  -400.000  569
-800.000  -400.000  570
-800.000  -400.000  571
-800.000  -400.000  572
-800.000  -400.000  573
-800.000  -400.000  574
-800.000  -400.000  575
-800.000  -400.000  576
-800.000  -400.000  577
-800.000  -400.000  578
-800.000  -400.000  579
-800.000  -400.000  580
-800.000  -400.000  581
-800.000  -400.000  582
-800.000  -400.000  583
-792.000  -398.000  584
-800.000  -400.000  585
-792.000  -398.000  586
-792.000  -398.000  587
-800.000  -400.000  588
-800.000  -400.000  589
-800.000  -400.000  590
-800.000  -400.000  591
-800.000  -400.000  592
-800.000  -400.000  593
-800.000  -400.000  594
-800.000  -400.000  595
-800.000  -400.000  596
-800.000  -400.000  597
-800.000  -400.000  598
-800.000  -400.000  599
-800.000  -400.000  600
-800.000  -400.000  601
-800.000  -400.000  602
-800.000  -400.000  603
-800.000  -400.000  604
-800.000  -400.000  605
-792.000  -398.000  606
-800.000  -400.000  607
-800.000  -400.000  608
-800.000  -400.000  609
-800.000  -400.000  610
-800.000  -400.000  611
-800.000  -400.000  612
-800.000  -400.000  613
-800.000  -400.000  614
-800.000  -400.000  615
-800.000  -400.000  616
-800.000  -400.000  617
-800.000  -400.000  618
-800.000  -400.000  619
-800.000  -400.000  620
-800.000  -400.000  621
-800.000  -400.000  622
-800.000  -400.000  623
-800.000  -400.000  624
-800.000  -400.000  625
-800.000  -400.000  626
-800.000  -400.000  627
-800.000  -400.000  628
-800.000  -400.000  629
-800.000  -400.000  630
-800.000  -400.000  631
-800.000  -400.000  632
-800.000  -400.000  633
-800.000  -400.000  634
-800.000  -400.000  635
-800.000  -400.000  636
-800.000  -400.000  637
-800.000  -400.000  638
-800.000  -400.000  639
-800.000  -400.000  640
-800.000  -400.000  641
-800.000  -400.000  642
-800.000  -400.000  643
-800.000  -400.000  644
-800.000  -400.000  645
-800.000  -400.000  646
-800.000  -400.000  647
-800.000  -400.000  648
-800.000  -400.000  649
-800.000  -400.000  650
-800.000  -400.000  651
-800.000  -400.000  652
-800.000  -400.000  653
-800.000  -400.000  654
-800.000  -400.000  655
-792.000  -398.000  656
-792.000  -398.000  657
-800.000  -400.000  658
-800.000  -400.000  659
-792.000  -398.000  660
-800.000  -400.000  661
-800.000  -400.000  662
-800.000  -400.000  663
-800.000  -400.000  664
-800.000  -400.000  665
-800.000  -400.000  666
-800.000  -400.000  667
-800.000  -400.000  668
-800.000  -400.000  669
-800.000  -400.000  670
-800.000  -400.000  671
-800.000  -400.000  672
-800.000  -400.000  673
-800.000  -400.000  674
-800.000  -400.000  675
-800.000  -400.000  676
-800.000  -400.000  677
-792.000  -398.000  678
-800.000  -400.000  679
-800.000  -400.000  680
-800.000  -400.000  681
-800.000  -400.000  682
-800.000  -400.000  683
-800.000  -400.000  684
-792.000  -398.000  685
-800.000  -400.000  686
-800.000  -400.000  687
-792.000  -398.000  688
-800.000  -400.000  689
-800.000  -400.000  690
-800.000  -400.000  691
-800.000  -400.000  692
-800.000  -400.000  693
-800.000  -400.000  694
-800.000  -400.000  695
-800.000  -400.000  696
-800.000  -400.000  697
-800.000  -400.000  698
-800.000  -400.000  699
-792.000  -398.000  700
-800.000  -400.000  701
-800.000  -400.000  702
-800.000  -400.000  703
-800.000  -400.000  704
-800.000  -400.000  705
-800.000  -400.000  706
-800.000  -400.000  707
-800.000  -400.000  708
-800.000  -400.000  709
-800.000  -400.000  710
-800.000  -400.000  711
-800.000  -400.000  712
-800.000  -400.000  713
-800.000  -400.000  714
-800.000  -400.000  715
-800.000  -400.000  716
-792.000  -398.000  717
-800.000  -400.000  718
-800.000  -400.000  719
-800.000  -400.000  720
-800.000  -400.000  721
-800.000  -400.000  722
-800.000  -400.000  723
-800.000  -400.000  724
-800.000  -400.000  725
-800.000  -400.000  726
-800.000  -400.000  727
-800.000  -400.000  728
-800.000  -400.000  729
-800.000  -400.000  730
-800.000  -400.000  731
-800.000  -400.000  732
-800.000  -400.000  733
-800.000  -400.000  734
-800.000  -400.000  735
-800.000  -400.000  736
-800.000  -400.000  737
-800.000  -400.000  738
-800.000  -400.000  739
-800.000  -400.000  740
-800.000  -400.000  741
-800.000  -400.000  742
-800.000  -400.000  743
-800.000  -400.000  744
-800.000  -400.000  745
-800.000  -400.000  746
-800.000  -400.000  747
-800.000  -400.000  748
-800.000  -400.000  749
-800.000  -400.000  750
-800.000  -400.000  751
-800.000  -400.000  752
-800.000  -400.000  753
-800.000  -400.000  754
-800.000  -400.000  755
-800.000  -400.000  756
-800.000  -400.000  757
-800.000  -400.000  758
-800.000  -400.000  759
-800.000  -400.000  760
-800.000  -400.000  761
-792.000  -398.000  762
-792.000  -398.000  763
-800.000  -400.000  764
-800.000  -400.000  765
-800.000  -400.000  766
-800.000  -400.000  767
-800.000  -400.000  768
-800.000  -400.000  769
-800.000  -400.000  770
-792.000  -398.000  771
-800.000  -400.000  772
-800.000  -400.000  773
-800.000  -400.000  774
-800.000  -400.000  775
-800.000  -400.000  776
-800.000  -400.000  777
-800.000  -400.000  778
-800.000  -400.000  779
-800.000  -400.000  780
-800.000  -400.000  781
-800.000  -400.000  782
-800.000  -400.000  783
-800.000  -400.000  784
-800.000  -400.000  785
-792.000  -398.000  786
-800.000  -400.000  787
-800.000  -400.000  788
-800.000  -400.000  789
-800.000  -400.000  790
-800.000  -400.000  791
-800.000  -400.000  792
-800.000  -400.000  793
-800.000  -400.000  794
-800.000  -400.000  795
-800.000  -400.000  796
-800.000  -400.000  797
-800.000  -400.000  798
-800.000  -400.000  799
-800.000  -400.000  800
-800.000  -400.000  801
-800.000  -400.000  802
-800.000  -400.000  803
-792.000  -398.000  804
-800.000  -400.000  805
-800.000  -400.000  806
-800.000  -400.000  807
-800.000  -400.000  808
-800.000  -400.000  809
-800.000  -400.000  810
-800.000  -400.000  811
-800.000  -400.000  812
-800.000  -400.000  813
-800.000  -400.000  814
-800.000  -400.000  815
-800.000  -400.000  816
-800.000  -400.000  817
-792.000  -398.000  818
-800.000  -400.000  819
-800.000  -400.000  820
-800.000  -400.000  821
-800.000  -400.000  822
-800.000  -400.000  823
-800.000  -400.000  824
-800.000  -400.000  825
-800.000  -400.000  826
-800.000  -400.000  827
-800.000  -400.000  828
-800.000  -400.000  829
-800.000  -400.000  830
-800.000  -400.000  831
-800.000  -400.000  832
-800.000  -400.000  833
-800.000  -400.000  834
-800.000  -400.000  835
-800.000  -400.000  836
-800.000  -400.000  837
-800.000  -400.000  838
-800.000  -400.000  839
-800.000  -400.000  840
-800.000  -400.000  841
-800.000  -400.000  842
-792.000  -398.000  843
-792.000  -398.000  844
-800.000  -400.000  845
-792.000  -398.000  846
-792.000  -398.000  847
-792.000  -398.000  848
-792.000  -398.000  849
-792.000  -398.000  850
-800.000  -400.000  851
-800.000  -400.000  852
-800.000  -400.000  853
-800.000  -400.000  854
-800.000  -400.000  855
-800.000  -400.000  856
-800.000  -400.000  857
-800.000  -400.000  858
-800.000  -400.000  859
-800.000  -400.000  860
-800.000  -400.000  861
-800.000  -400.000  862
-800.000  -400.000  863
-800.000  -400.000  864
-800.000  -400.000  865
-800.000  -400.000  866
-800.000  -400.000  867
-800.000  -400.000  868
-800.000  -400.000  869
-800.000  -400.000  870
-800.000  -400.000  871
-800.000  -400.000  872
-800.000  -400.000  873
-800.000  -400.000  874
-800.000  -400.000  875
-800.000  -400.000  876
-800.000  -400.000  877
-800.000  -400.000  878
-800.000  -400.000  879
-800.000  -400.000  880
-800.000  -400.000  881
-800.000  -400.000  882
-800.000  -400.000  883
-800.000  -400.000  884
-800.000  -400.000  885
-800.000  -400.000  886
-800.000  -400.000  887
-800.000  -400.000  888
-800.000  -400.000  889
-800.000  -400.000  890
-792.000  -398.000  891
-792.000  -398.000  892
-792.000  -398.000  893
-780.000  -394.000  894
-792.000  -398.000  895
-800.000  -400.000  896
-800.000  -400.000  897
-800.000  -400.000  898
-800.000  -400.000  899
-800.000  -400.000  900
-800.000  -400.000  901
-800.000  -400.000  902
-800.000  -400.000  903
-800.000  -400.000  904
-800.000  -400.000  905
-800.000  -400.000  906
-800.000  -400.000  907
-800.000  -400.000  908
-800.000  -400.000  909
-800.000  -400.000  910
-800.000  -400.000  911
-800.000  -400.000  912
-800.000  -400.000  913
-800.000  -400.000  914
-800.000  -400.000  915
-800.000  -400.000  916
-800.000  -400.000  917
-800.000  -400.000  918
-800.000  -400.000  919
-800.000  -400.000  920
-800.000  -400.000  921
-800.000  -400.000  922
-800.000  -400.000  923
-800.000  -400.000  924
-800.000  -400.000  925
-800.000  -400.000  926
-800.000  -400.000  927
-800.000  -400.000  928
-800.000  -400.000  929
-800.000  -400.000  930
-800.000  -400.000  931
-800.000  -400.000  932
-800.000  -400.000  933
-800.000  -400.000  934
-800.000  -400.000  935
-800.000  -400.000  936
-800.000  -400.000  937
-800.000  -400.000  938
-800.000  -400.000  939
-800.000  -400.000  940
-800.000  -400.000  941
-800.000  -400.000  942
-800.000  -400.000  943
-800.000  -400.000  944
-800.000  -400.000  945
-800.000  -400.000  946
-800.000  -400.000  947
-800.000  -400.000  948
-800.000  -400.000  949
-800.000  -400.000  950
-792.000  -398.000  951
-800.000  -400.000  952
-800.000  -400.000  953
-800.000  -400.000  954
-800.000  -400.000  955
-800.000  -400.000  956
-800.000  -400.000  957
-800.000  -400.000  958
-800.000  -400.000  959
-800.000  -400.000  960
-800.000  -400.000  961
-800.000  -400.000  962
-800.000  -400.000  963
-800.000  -400.000  964
-800.000  -400.000  965
-800.000  -400.000  966
-800.000  -400.000  967
-800.000  -400.000  968
-800.000  -400.000  969
-800.000  -400.000  970
-800.000  -400.000  971
-800.000  -400.000  972
-800.000  -400.000  973
-800.000  -400.000  974
-800.000  -400.000  975
-792.000  -398.000  976
-800.000  -400.000  977
-800.000  -400.000  978
-792.000  -398.000  979
-800.000  -400.000  980
-800.000  -400.000  981
-800.000  -400.000  982
-800.000  -400.000  983
-800.000  -400.000  984
-800.000  -400.000  985
-800.000  -400.000  986
-800.000  -400.000  987
-800.000  -400.000  988
-800.000  -400.000  989
-800.000  -400.000  990
-800.000  -400.000  991
-800.000  -400.000  992
-800.000  -400.000  993
-800.000  -400.000  994
-800.000  -400.000  995
-800.000  -400.000  996
-800.000  -400.000  997
-792.000  -398.000  998
-800.000  -400.000  999
-800.000  -400.000  1000
-800.000  -400.000  1001
-800.000  -400.000  1002
-800.000  -400.000  1003
-800.000  -400.000  1004
-800.000  -400.000  1005
-800.000  -400.000  1006
-800.000  -400.000  1007
-800.000  -400.000  1008
-800.000  -400.000  1009
-800.000  -400.000  1010
-800.000  -400.000  1011
-800.000  -400.000  1012
-800.000  -400.000  1013
-800.000  -400.000  1014
-800.000  -400.000  1015
-800.000  -400.000  1016
-800.000  -400.000  1017
-800.000  -400.000  1018
-792.000  -398.000  1019
-792.000  -398.000  1020
-788.000  -396.000  1021
-792.000  -398.000  1022
-792.000  -398.000  1023
-800.000  -400.000  1024
-800.000  -400.000  1025
-800.000  -400.000  1026
-800.000  -400.000  1027
-800.000  -400.000  1028
-800.000  -400.000  1029
-800.000  -400.000  1030
-800.000  -400.000  1031
-800.000  -400.000  1032
-800.000  -400.000  1033
-800.000  -400.000  1034
-792.000  -398.000  1035
-788.000  -396.000  1036
-800.000  -400.000  1037
-800.000  -400.000  1038
-800.000  -400.000  1039
-800.000  -400.000  1040
-800.000  -400.000  1041
-800.000  -400.000  1042
-800.000  -400.000  1043
-800.000  -400.000  1044
-800.000  -400.000  1045
-800.000  -400.000  1046
-800.000  -400.000  1047
-800.000  -400.000  1048
-800.000  -400.000  1049
-800.000  -400.000  1050
-800.000  -400.000  1051
-800.000  -400.000  1052
-800.000  -400.000  1053
-800.000  -400.000  1054
-800.000  -400.000  1055
-800.000  -400.000  1056
-792.000  -398.000  1057
-792.000  -398.000  1058
-800.000  -400.000  1059
-800.000  -400.000  1060
-800.000  -400.000  1061
-800.000  -400.000  1062
-800.000  -400.000  1063
-800.000  -400.000  1064
-800.000  -400.000  1065
-800.000  -400.000  1066
-800.000  -400.000  1067
-800.000  -400.000  1068
-800.000  -400.000  1069
-800.000  -400.000  1070
-792.000  -398.000  1071
-792.000  -398.000  1072
-792.000  -398.000  1073
-792.000  -398.000  1074
-800.000  -400.000  1075
-800.000  -400.000  1076
-800.000  -400.000  1077
-800.000  -400.000  1078
-800.000  -400.000  1079
-800.000  -400.000  1080
-800.000  -400.000  1081
-800.000  -400.000  1082
-800.000  -400.000  1083
-800.000  -400.000  1084
-800.000  -400.000  1085
-800.000  -400.000  1086
-800.000  -400.000  1087
-800.000  -400.000  1088
-800.000  -400.000  1089
-800.000  -400.000  1090
-800.000  -400.000  1091
-800.000  -400.000  1092
-800.000  -400.000  1093
-800.000  -400.000  1094
-800.000  -400.000  1095
-800.000  -400.000  1096
-800.000  -400.000  1097
-800.000  -400.000  1098
-800.000  -400.000  1099
-800.000  -400.000  1100
-800.000  -400.000  1101
-800.000  -400.000  1102
-800.000  -400.000  1103
-800.000  -400.000  1104
-800.000  -400.000  1105
-792.000  -398.000  1106
-800.000  -400.000  1107
-800.000  -400.000  1108
-800.000  -400.000  1109
-800.000  -400.000  1110
-800.000  -400.000  1111
-800.000  -400.000  1112
-792.000  -398.000  1113
-792.000  -398.000  1114
-800.000  -400.000  1115
-800.000  -400.000  1116
-800.000  -400.000  1117
-800.000  -400.000  1118
-800.000  -400.000  1119
-800.000  -400.000  1120
-800.000  -400.000  1121
-792.000  -398.000  1122
-800.000  -400.000  1123
-800.000  -400.000  1124
-800.000  -400.000  1125
-800.000  -400.000  1126
-800.000  -400.000  1127
-800.000  -400.000  1128
-800.000  -400.000  1129
-792.000  -398.000  1130
-800.000  -400.000  1131
-800.000  -400.000  1132
-800.000  -400.000  1133
-792.000  -398.000  1134
-792.000  -398.000  1135
-792.000  -398.000  1136
-800.000  -400.000  1137
-800.000  -400.000  1138
-800.000  -400.000  1139
-800.000  -400.000  1140
-800.000  -400.000  1141
-800.000  -400.000  1142
-792.000  -398.000  1143
-792.000  -398.000  1144
-792.000  -398.000  1145
-792.000  -398.000  1146
-792.000  -398.000  1147
-800.000  -400.000  1148
-800.000  -400.000  1149
-800.000  -400.000  1150
-800.000  -400.000  1151
-800.000  -400.000  1152
-800.000  -400.000  1153
-800.000  -400.000  1154
-800.000  -400.000  1155
-800.000  -400.000  1156
-800.000  -400.000  1157
-792.000  -398.000  1158
-800.000  -400.000  1159
-792.000  -398.000  1160
-800.000  -400.000  1161
-800.000  -400.000  1162
-800.000  -400.000  1163
-800.000  -400.000  1164
-800.000  -400.000  1165
-800.000  -400.000  1166
-800.000  -400.000  1167
-800.000  -400.000  1168
-800.000  -400.000  1169
-800.000  -400.000  1170
-800.000  -400.000  1171
-792.000  -398.000  1172
-800.000  -400.000  1173
-800.000  -400.000  1174
-800.000  -400.000  1175
-800.000  -400.000  1176
-800.000  -400.000  1177
-800.000  -400.000  1178
-800.000  -400.000  1179
-800.000  -400.000  1180
-800.000  -400.000  1181
-800.000  -400.000  1182
-792.000  -398.000  1183
-800.000  -400.000  1184
-800.000  -400.000  1185
-800.000  -400.000  1186
-800.000  -400.000  1187
-800.000  -400.000  1188
-800.000  -400.000  1189
-800.000  -400.000  1190
-800.000  -400.000  1191
-800.000  -400.000  1192
-800.000  -400.000  1193
-800.000  -400.000  1194
-800.000  -400.000  1195
-800.000  -400.000  1196
-800.000  -400.000  1197
-800.000  -400.000  1198
-800.000  -400.000  1199
-792.000  -398.000  1200
-800.000  -400.000  1201
-800.000  -400.000  1202
-800.000  -400.000  1203
-800.000  -400.000  1204
-800.000  -400.000  1205
-800.000  -400.000  1206
-800.000  -400.000  1207
-800.000  -400.000  1208
-800.000  -400.000  1209
-800.000  -400.000  1210
-800.000  -400.000  1211
-800.000  -400.000  1212
-800.000  -400.000  1213
-800.000  -400.000  1214
-800.000  -400.000  1215
-800.000  -400.000  1216
-800.000  -400.000  1217
-800.000  -400.000  1218
-800.000  -400.000  1219
-800.000  -400.000  1220
-800.000  -400.000  1221
-800.000  -400.000  1222
-800.000  -400.000  1223
-800.000  -400.000  1224
-800.000  -400.000  1225
-800.000  -400.000  1226
-800.000  -400.000  1227
-800.000  -400.000  1228
-800.000  -400.000  1229
-800.000  -400.000  1230
-800.000  -400.000  1231
-800.000  -400.000  1232
-800.000  -400.000  1233
-800.000  -400.000  1234
-800.000  -400.000  1235
-800.000  -400.000  1236
-800.000  -400.000  1237
-800.000  -400.000  1238
-800.000  -400.000  1239
-800.000  -400.000  1240
-800.000  -400.000  1241
-800.000  -400.000  1242
-800.000  -400.000  1243
-800.000  -400.000  1244
-800.000  -400.000  1245
-800.000  -400.000  1246
-800.000  -400.000  1247
-800.000  -400.000  1248
-800.000  -400.000  1249
-800.000  -400.000  1250
-800.000  -400.000  1251
-800.000  -400.000  1252
-792.000  -398.000  1253
-800.000  -400.000  1254
-800.000  -400.000  1255
-800.000  -400.000  1256
-800.000  -400.000  1257
-800.000  -400.000  1258
-800.000  -400.000  1259
-792.000  -398.000  1260
-800.000  -400.000  1261
-800.000  -400.000  1262
-800.000  -400.000  1263
-800.000  -400.000  1264
-800.000  -400.000  1265
-800.000  -400.000  1266
-800.000  -400.000  1267
-800.000  -400.000  1268
-800.000  -400.000  1269
-800.000  -400.000  1270
-800.000  -400.000  1271
-792.000  -398.000  1272
-792.000  -398.000  1273
-800.000  -400.000  1274
-800.000  -400.000  1275
-800.000  -400.000  1276
-800.000  -400.000  1277
-800.000  -400.000  1278
-800.000  -400.000  1279
-800.000  -400.000  1280
-800.000  -400.000  1281
-800.000  -400.000  1282
-800.000  -400.000  1283
-800.000  -400.000  1284
-800.000  -400.000  1285
-800.000  -400.000  1286
-792.000  -398.000  1287
-792.000  -398.000  1288
-800.000  -400.000  1289
-800.000  -400.000  1290
-792.000  -398.000  1291
-792.000  -398.000  1292
-792.000  -398.000  1293
-800.000  -400.000  1294
-800.000  -400.000  1295
-800.000  -400.000  1296
-800.000  -400.000  1297
-788.000  -396.000  1298
-800.000  -400.000  1299
-800.000  -400.000  1300
-800.000  -400.000  1301
-800.000  -400.000  1302
-800.000  -400.000  1303
-800.000  -400.000  1304
-800.000  -400.000  1305
-800.000  -400.000  1306
-800.000  -400.000  1307
-800.000  -400.000  1308
-792.000  -398.000  1309
-784.000  -396.000  1310
-800.000  -400.000  1311
-800.000  -400.000  1312
-800.000  -400.000  1313
-800.000  -400.000  1314
-800.000  -400.000  1315
-800.000  -400.000  1316
-800.000  -400.000  1317
-800.000  -400.000  1318
-792.000  -398.000  1319
-792.000  -398.000  1320
-792.000  -398.000  1321
-792.000  -398.000  1322
-792.000  -398.000  1323
-800.000  -400.000  1324
-800.000  -400.000  1325
-800.000  -400.000  1326
-792.000  -398.000  1327
-800.000  -400.000  1328
-800.000  -400.000  1329
-800.000  -400.000  1330
-800.000  -400.000  1331
-800.000  -400.000  1332
-800.000  -400.000  1333
-800.000  -400.000  1334
-800.000  -400.000  1335
-800.000  -400.000  1336
-800.000  -400.000  1337
-800.000  -400.000  1338
-800.000  -400.000  1339
-792.000  -398.000  1340
-800.000  -400.000  1341
-800.000  -400.000  1342
-800.000  -400.000  1343
-800.000  -400.000  1344
-800.000  -400.000  1345
-800.000  -400.000  1346
-800.000  -400.000  1347
-800.000  -400.000  1348
-792.000  -398.000  1349
-800.000  -400.000  1350
-800.000  -400.000  1351
-800.000  -400.000  1352
-800.000  -400.000  1353
-800.000  -400.000  1354
-800.000  -400.000  1355
-800.000  -400.000  1356
-800.000  -400.000  1357
-800.000  -400.000  1358
-800.000  -400.000  1359
-800.000  -400.000  1360
-800.000  -400.000  1361
-800.000  -400.000  1362
-800.000  -400.000  1363
-800.000  -400.000  1364
-800.000  -400.000  1365
-800.000  -400.000  1366
-800.000  -400.000  1367
-800.000  -400.000  1368
-800.000  -400.000  1369
-800.000  -400.000  1370
-800.000  -400.000  1371
-800.000  -400.000  1372
-800.000  -400.000  1373
-800.000  -400.000  1374
-800.000  -400.000  1375
-792.000  -398.000  1376
-800.000  -400.000  1377
-800.000  -400.000  1378
-800.000  -400.000  1379
-800.000  -400.000  1380
-800.000  -400.000  1381
-800.000  -400.000  1382
-800.000  -400.000  1383
-800.000  -400.000  1384
-800.000  -400.000  1385
-800.000  -400.000  1386
-800.000  -400.000  1387
-800.000  -400.000  1388
-800.000  -400.000  1389
-800.000  -400.000  1390
-800.000  -400.000  1391
-800.000  -400.000  1392
-800.000  -400.000  1393
-800.000  -400.000  1394
-800.000  -400.000  1395
-800.000  -400.000  1396
-800.000  -400.000  1397
-792.000  -398.000  1398
-792.000  -398.000  1399
-800.000  -400.000  1400
-800.000  -400.000  1401
-800.000  -400.000  1402
-800.000  -400.000  1403
-800.000  -400.000  1404
-800.000  -400.000  1405
-800.000  -400.000  1406
-800.000  -400.000  1407
-800.000  -400.000  1408
-800.000  -400.000  1409
-800.000  -400.000  1410
-800.000  -400.000  1411
-800.000  -400.000  1412
-800.000  -400.000  1413
-800.000  -400.000  1414
-800.000  -400.000  1415
-800.000  -400.000  1416
-800.000  -400.000  1417
-800.000  -400.000  1418
-800.000  -400.000  1419
-800.000  -400.000  1420
-800.000  -400.000  1421
-800.000  -400.000  1422
-800.000  -400.000  1423
-800.000  -400.000  1424
-800.000  -400.000  1425
-800.000  -400.000  1426
-800.000  -400.000  1427
-800.000  -400.000  1428
-800.000  -400.000  1429
-800.000  -400.000  1430
-800.000  -400.000  1431
-800.000  -400.000  1432
-800.000  -400.000  1433
-800.000  -400.000  1434
-800.000  -400.000  1435
-800.000  -400.000  1436
-800.000  -400.000  1437
-800.000  -400.000  1438
-800.000  -400.000  1439
-800.000  -400.000  1440
-800.000  -400.000  1441
-800.000  -400.000  1442
-800.000  -400.000  1443
-800.000  -400.000  1444
-800.000  -400.000  1445
-800.000  -400.000  1446
-800.000  -400.000  1447
-800.000  -400.000  1448
-800.000  -400.000  1449
-800.000  -400.000  1450
-800.000  -400.000  1451
-800.000  -400.000  1452
-800.000  -400.000  1453
-800.000  -400.000  1454
-800.000  -400.000  1455
-792.000  -398.000  1456
-792.000  -398.000  1457
-792.000  -398.000  1458
-792.000  -398.000  1459
-792.000  -398.000  1460
-800.000  -400.000  1461
-800.000  -400.000  1462
-800.000  -400.000  1463
-800.000  -400.000  1464
-800.000  -400.000  1465
-800.000  -400.000  1466
-800.000  -400.000  1467
-800.000  -400.000  1468
-800.000  -400.000  1469
-800.000  -400.000  1470
-800.000  -400.000  1471
-800.000  -400.000  1472
-800.000  -400.000  1473
-800.000  -400.000  1474
-800.000  -400.000  1475
-800.000  -400.000  1476
-800.000  -400.000  1477
-800.000  -400.000  1478
-800.000  -400.000  1479
-792.000  -398.000  1480
-800.000  -400.000  1481
-800.000  -400.000  1482
-800.000  -400.000  1483
-800.000  -400.000  1484
-792.000  -398.000  1485
-800.000  -400.000  1486
-792.000  -398.000  1487
-792.000  -398.000  1488
-800.000  -400.000  1489
-800.000  -400.000  1490
-800.000  -400.000  1491
-800.000  -400.000  1492
-800.000  -400.000  1493
-800.000  -400.000  1494
-800.000  -400.000  1495
-792.000  -398.000  1496
-800.000  -400.000  1497
-800.000  -400.000  1498
-800.000  -400.000  1499
-800.000  -400.000  1500
-800.000  -400.000  1501
-800.000  -400.000  1502
-792.000  -398.000  1503
-792.000  -398.000  1504
-800.000  -400.000  1505
-800.000  -400.000  1506
-800.000  -400.000  1507
-800.000  -400.000  1508
-800.000  -400.000  1509
-800.000  -400.000  1510
-800.000  -400.000  1511
-800.000  -400.000  1512
-800.000  -400.000  1513
-800.000  -400.000  1514
-800.000  -400.000  1515
-800.000  -400.000  1516
-800.000  -400.000  1517
-800.000  -400.000  1518
-800.000  -400.000  1519
-800.000  -400.000  1520
-800.000  -400.000  1521
-800.000  -400.000  1522
-800.000  -400.000  1523
-800.000  -400.000  1524
-800.000  -400.000  1525
-800.000  -400.000  1526
-800.000  -400.000  1527
-800.000  -400.000  1528
-800.000  -400.000  1529
-800.000  -400.000  1530
-800.000  -400.000  1531
-800.000  -400.000  1532
-800.000  -400.000  1533
-800.000  -400.000  1534
-800.000  -400.000  1535
-800.000  -400.000  1536
-800.000  -400.000  1537
-800.000  -400.000  1538
-800.000  -400.000  1539
-800.000  -400.000  1540
-784.000  -396.000  1541
-792.000  -398.000  1542
-792.000  -398.000  1543
-800.000  -400.000  1544
-800.000  -400.000  1545
-800.000  -400.000  1546
-800.000  -400.000  1547
-800.000  -400.000  1548
-800.000  -400.000  1549
-800.000  -400.000  1550
-800.000  -400.000  1551
-800.000  -400.000  1552
-800.000  -400.000  1553
-800.000  -400.000  1554
-800.000  -400.000  1555
-800.000  -400.000  1556
-800.000  -400.000  1557
-800.000  -400.000  1558
-800.000  -400.000  1559
-800.000  -400.000  1560
-800.000  -400.000  1561
-800.000  -400.000  1562
-800.000  -400.000  1563
-800.000  -400.000  1564
-792.000  -398.000  1565
-792.000  -398.000  1566
-792.000  -398.000  1567
-792.000  -398.000  1568
-800.000  -400.000  1569
-800.000  -400.000  1570
-800.000  -400.000  1571
-800.000  -400.000  1572
-800.000  -400.000  1573
-800.000  -400.000  1574
-792.000  -398.000  1575
-800.000  -400.000  1576
-800.000  -400.000  1577
-800.000  -400.000  1578
-800.000  -400.000  1579
-800.000  -400.000  1580
-800.000  -400.000  1581
-792.000  -398.000  1582
-792.000  -398.000  1583
-792.000  -398.000  1584
-792.000  -398.000  1585
-792.000  -398.000  1586
-800.000  -400.000  1587
-800.000  -400.000  1588
-800.000  -400.000  1589
-800.000  -400.000  1590
-800.000  -400.000  1591
-800.000  -400.000  1592
-800.000  -400.000  1593
-800.000  -400.000  1594
-800.000  -400.000  1595
-800.000  -400.000  1596
-792.000  -398.000  1597
-800.000  -400.000  1598
-800.000  -400.000  1599
-800.000  -400.000  1600
-800.000  -400.000  1601
-800.000  -400.000  1602
-800.000  -400.000  1603
-800.000  -400.000  1604
-800.000  -400.000  1605
-800.000  -400.000  1606
-800.000  -400.000  1607
-800.000  -400.000  1608
-800.000  -400.000  1609
-800.000  -400.000  1610
-800.000  -400.000  1611
-800.000  -400.000  1612
-800.000  -400.000  1613
-792.000  -398.000  1614
-792.000  -398.000  1615
-792.000  -398.000  1616
-792.000  -398.000  1617
-792.000  -398.000  1618
-792.000  -398.000  1619
-792.000  -398.000  1620
-792.000  -398.000  1621
-792.000  -398.000  1622
-800.000  -400.000  1623
-800.000  -400.000  1624
-800.000  -400.000  1625
-800.000  -400.000  1626
-800.000  -400.000  1627
-800.000  -400.000  1628
-800.000  -400.000  1629
-800.000  -400.000  1630
-800.000  -400.000  1631
-800.000  -400.000  1632
-800.000  -400.000  1633
-800.000  -400.000  1634
-792.000  -398.000  1635
-800.000  -400.000  1636
-800.000  -400.000  1637
-800.000  -400.000  1638
-800.000  -400.000  1639
-800.000  -400.000  1640
-800.000  -400.000  1641
-792.000  -398.000  1642
-800.000  -400.000  1643
-800.000  -400.000  1644
-800.000  -400.000  1645
-800.000  -400.000  1646
-800.000  -400.000  1647
-800.000  -400.000  1648
-800.000  -400.000  1649
-800.000  -400.000  1650
-800.000  -400.000  1651
-792.000  -398.000  1652
-800.000  -400.000  1653
-800.000  -400.000  1654
-800.000  -400.000  1655
-800.000  -400.000  1656
-800.000  -400.000  1657
-800.000  -400.000  1658
-800.000  -400.000  1659
-800.000  -400.000  1660
-800.000  -400.000  1661
-800.000  -400.000  1662
-800.000  -400.000  1663
-800.000  -400.000  1664
-800.000  -400.000  1665
-800.000  -400.000  1666
-800.000  -400.000  1667
-800.000  -400.000  1668
-792.000  -398.000  1669
-800.000  -400.000  1670
-800.000  -400.000  1671
-800.000  -400.000  1672
-800.000  -400.000  1673
-800.000  -400.000  1674
-800.000  -400.000  1675
-800.000  -400.000  1676
-800.000  -400.000  1677
-800.000  -400.000  1678
-800.000  -400.000  1679
-800.000  -400.000  1680
-800.000  -400.000  1681
-800.000  -400.000  1682
-800.000  -400.000  1683
-800.000  -400.000  1684
-800.000  -400.000  1685
-792.000  -398.000  1686
-800.000  -400.000  1687
-800.000  -400.000  1688
-800.000  -400.000  1689
-800.000  -400.000  1690
-800.000  -400.000  1691
-800.000  -400.000  1692
-800.000  -400.000  1693
-800.000  -400.000  1694
-800.000  -400.000  1695
-800.000  -400.000  1696
-800.000  -400.000  1697
-792.000  -398.000  1698
-800.000  -400.000  1699
-800.000  -400.000  1700
-800.000  -400.000  1701
-792.000  -398.000  1702
-800.000  -400.000  1703
-800.000  -400.000  1704
-800.000  -400.000  1705
-800.000  -400.000  1706
-800.000  -400.000  1707
-800.000  -400.000  1708
-800.000  -400.000  1709
-800.000  -400.000  1710
-800.000  -400.000  1711
-800.000  -400.000  1712
-800.000  -400.000  1713
-800.000  -400.000  1714
-800.000  -400.000  1715
-800.000  -400.000  1716
-800.000  -400.000  1717
-800.000  -400.000  1718
-792.000  -398.000  1719
-800.000  -400.000  1720
-800.000  -400.000  1721
-800.000  -400.000  1722
-800.000  -400.000  1723
-800.000  -400.000  1724
-800.000  -400.000  1725
-800.000  -400.000  1726
-800.000  -400.000  1727
-800.000  -400.000  1728
-800.000  -400.000  1729
-800.000  -400.000  1730
-792.000  -398.000  1731
-792.000  -398.000  1732
-800.000  -400.000  1733
-800.000  -400.000  1734
-800.000  -400.000  1735
-800.000  -400.000  1736
-800.000  -400.000  1737
-800.000  -400.000  1738
-800.000  -400.000  1739
-800.000  -400.000  1740
-800.000  -400.000  1741
-800.000  -400.000  1742
-800.000  -400.000  1743
-800.000  -400.000  1744
-800.000  -400.000  1745
-800.000  -400.000  1746
-800.000  -400.000  1747
-800.000  -400.000  1748
-800.000  -400.000  1749
-800.000  -400.000  1750
-800.000  -400.000  1751
-800.000  -400.000  1752
-800.000  -400.000  1753
-800.000  -400.000  1754
-800.000  -400.000  1755
-792.000  -398.000  1756
-792.000  -398.000  1757
-792.000  -398.000  1758
-800.000  -400.000  1759
-800.000  -400.000  1760
-800.000  -400.000  1761
-800.000  -400.000  1762
-800.000  -400.000  1763
-800.000  -400.000  1764
-800.000  -400.000  1765
-800.000  -400.000  1766
-800.000  -400.000  1767
-800.000  -400.000  1768
-800.000  -400.000  1769
-800.000  -400.000  1770
-800.000  -400.000  1771
-800.000  -400.000  1772
-800.000  -400.000  1773
-800.000  -400.000  1774
-800.000  -400.000  1775
-800.000  -400.000  1776
-800.000  -400.000  1777
-800.000  -400.000  1778
-792.000  -398.000  1779
-800.000  -400.000  1780
-800.000  -400.000  1781
-800.000  -400.000  1782
-792.000  -398.000  1783
-800.000  -400.000  1784
-800.000  -400.000  1785
-800.000  -400.000  1786
-800.000  -400.000  1787
-800.000  -400.000  1788
-800.000  -400.000  1789
-800.000  -400.000  1790
-800.000  -400.000  1791
-800.000  -400.000  1792
-800.000  -400.000  1793
-800.000  -400.000  1794
-800.000  -400.000  1795
-800.000  -400.000  1796
-800.000  -400.000  1797
-800.000  -400.000  1798
-800.000  -400.000  1799
-800.000  -400.000  1800
-800.000  -400.000  1801
-800.000  -400.000  1802
-800.000  -400.000  1803
-800.000  -400.000  1804
-800.000  -400.000  1805
-800.000  -400.000  1806
-800.000  -400.000  1807
-800.000  -400.000  1808
-800.000  -400.000  1809
-800.000  -400.000  1810
-800.000  -400.000  1811
-800.000  -400.000  1812
-800.000  -400.000  1813
-800.000  -400.000  1814
-800.000  -400.000  1815
-800.000  -400.000  1816
-800.000  -400.000  1817
-800.000  -400.000  1818
-800.000  -400.000  1819
-800.000  -400.000  1820
-800.000  -400.000  1821
-800.000  -400.000  1822
-800.000  -400.000  1823
-800.000  -400.000  1824
-800.000  -400.000  1825
-800.000  -400.000  1826
-800.000  -400.000  1827
-800.000  -400.000  1828
-800.000  -400.000  1829
-800.000  -400.000  1830
-800.000  -400.000  1831
-800.000  -400.000  1832
-800.000  -400.000  1833
-800.000  -400.000  1834
-800.000  -400.000  1835
-800.000  -400.000  1836
-800.000  -400.000  1837
-792.000  -398.000  1838
-800.000  -400.000  1839
-800.000  -400.000  1840
-800.000  -400.000  1841
-800.000  -400.000  1842
-800.000  -400.000  1843
-800.000  -400.000  1844
-800.000  -400.000  1845
-800.000  -400.000  1846
-800.000  -400.000  1847
-800.000  -400.000  1848
-800.000  -400.000  1849
-800.000  -400.000  1850
-800.000  -400.000  1851
-800.000  -400.000  1852
-800.000  -400.000  1853
-800.000  -400.000  1854
-800.000  -400.000  1855
-800.000  -400.000  1856
-800.000  -400.000  1857
-800.000  -400.000  1858
-792.000  -398.000  1859
-800.000  -400.000  1860
-800.000  -400.000  1861
-800.000  -400.000  1862
-800.000  -400.000  1863
-800.000  -400.000  1864
-800.000  -400.000  1865
-800.000  -400.000  1866
-800.000  -400.000  1867
-800.000  -400.000  1868
-800.000  -400.000  1869
-800.000  -400.000  1870
-800.000  -400.000  1871
-800.000  -400.000  1872
-800.000  -400.000  1873
-800.000  -400.000  1874
-800.000  -400.000  1875
-800.000  -400.000  1876
-800.000  -400.000  1877
-800.000  -400.000  1878
-800.000  -400.000  1879
-800.000  -400.000  1880
-800.000  -400.000  1881
-800.000  -400.000  1882
-800.000  -400.000  1883
-800.000  -400.000  1884
-800.000  -400.000  1885
-800.000  -400.000  1886
-792.000  -398.000  1887
-800.000  -400.000  1888
-800.000  -400.000  1889
-800.000  -400.000  1890
-800.000  -400.000  1891
-792.000  -398.000  1892
-792.000  -398.000  1893
-792.000  -398.000  1894
-800.000  -400.000  1895
-800.000  -400.000  1896
-800.000  -400.000  1897
-800.000  -400.000  1898
-800.000  -400.000  1899
-800.000  -400.000  1900
-800.000  -400.000  1901
-800.000  -400.000  1902
-800.000  -400.000  1903
-800.000  -400.000  1904
-800.000  -400.000  1905
-800.000  -400.000  1906
-800.000  -400.000  1907
-800.000  -400.000  1908
-800.000  -400.000  1909
-800.000  -400.000  1910
-792.000  -398.000  1911
-800.000  -400.000  1912
-800.000  -400.000  1913
-800.000  -400.000  1914
-800.000  -400.000  1915
-800.000  -400.000  1916
-800.000  -400.000  1917
-800.000  -400.000  1918
-800.000  -400.000  1919
-800.000  -400.000  1920
-800.000  -400.000  1921
-800.000  -400.000  1922
-800.000  -400.000  1923
-800.000  -400.000  1924
-800.000  -400.000  1925
-800.000  -400.000  1926
-792.000  -398.000  1927
-792.000  -398.000  1928
-792.000  -398.000  1929
-792.000  -398.000  1930
-792.000  -398.000  1931
-800.000  -400.000  1932
-800.000  -400.000  1933
-800.000  -400.000  1934
-800.000  -400.000  1935
-800.000  -400.000  1936
-792.000  -398.000  1937
-800.000  -400.000  1938
-800.000  -400.000  1939
-800.000  -400.000  1940
-800.000  -400.000  1941
-792.000  -398.000  1942
-800.000  -400.000  1943
-800.000  -400.000  1944
-800.000  -400.000  1945
-800.000  -400.000  1946
-800.000  -400.000  1947
-800.000  -400.000  1948
-800.000  -400.000  1949
-800.000  -400.000  1950
-800.000  -400.000  1951
-800.000  -400.000  1952
-800.000  -400.000  1953
-800.000  -400.000  1954
-784.000  -396.000  1955
-792.000  -398.000  1956
-792.000  -398.000  1957
-800.000  -400.000  1958
-800.000  -400.000  1959
-800.000  -400.000  1960
-800.000  -400.000  1961
-800.000  -400.000  1962
-800.000  -400.000  1963
-800.000  -400.000  1964
-800.000  -400.000  1965
-800.000  -400.000  1966
-800.000  -400.000  1967
-800.000  -400.000  1968
-800.000  -400.000  1969
-800.000  -400.000  1970
-800.000  -400.000  1971
-800.000  -400.000  1972
-800.000  -400.000  1973
-800.000  -400.000  1974
-800.000  -400.000  1975
-800.000  -400.000  1976
-800.000  -400.000  1977
-800.000  -400.000  1978
-800.000  -400.000  1979
-788.000  -396.000  1980
-792.000  -398.000  1981
-800.000  -400.000  1982
-800.000  -400.000  1983
-800.000  -400.000  1984
-800.000  -400.000  1985
-800.000  -400.000  1986
-800.000  -400.000  1987
-800.000  -400.000  1988
-800.000  -400.000  1989
-800.000  -400.000  1990
-800.000  -400.000  1991
-800.000  -400.000  1992
-800.000  -400.000  1993
-800.000  -400.000  1994
-800.000  -400.000  1995
-800.000  -400.000  1996
-800.000  -400.000  1997
-800.000  -400.000  1998
-800.000  -400.000  1999
