-60.0000  10.0000  0
-36.0000  36.0000  1
-76.0000  -20.0000  2
-56.0000  -18.0000  3
-88.0000  -20.0000  4
-72.0000  8.00000  5
-80.0000  -14.0000  6
-136.000  -34.0000  7
-92.0000  -16.0000  8
-92.0000  -12.0000  9
-88.0000  -6.00000  10
-96.0000  -4.00000  11
-84.0000  34.0000  12
-84.0000  28.0000  13
-60.0000  -8.00000  14
-48.0000  -24.0000  15
-92.0000  -10.0000  16
-104.000  22.0000  17
-88.0000  56.0000  18
-144.000  -4.00000  19
-92.0000  -16.0000  20
-100.000  14.0000  21
-52.0000  34.0000  22
-76.0000  14.0000  23
-84.0000  12.0000  24
-36.0000  -8.00000  25
-92.0000  36.0000  26
-76.0000  2.00000  27
-60.0000  8.00000  28
-64.0000  34.0000  29
-52.0000  6.00000  30
-92.0000  8.00000  31
-120.000  -26.0000  32
-88.0000  14.0000  33
-76.0000  42.0000  34
-88.0000  -8.00000  35
-84.0000  10.0000  36
-60.0000  -16.0000  37
-60.0000  14.0000  38
-88.0000  22.0000  39
-112.000  14.0000  40
-64.0000  8.00000  41
-76.0000  52.0000  42
-56.0000  66.0000  43
-92.0000  44.0000  44
-112.000  -24.0000  45
-88.0000  0.00000  46
-100.000  12.0000  47
-68.0000  2.00000  48
-132.000  -6.00000  49
-108.000  -62.0000  50
-104.000  -32.0000  51
-64.0000  6.00000  52
-60.0000  12.0000  53
-120.000  16.0000  54
-52.0000  8.00000  55
-92.0000  46.0000  56
-72.0000  18.0000  57
-52.0000  -2.00000  58
-56.0000  -20.0000  59
-88.0000  44.0000  60
-56.0000  6.00000  61
-72.0000  16.0000  62
-60.0000  4.00000  63
-60.0000  16.0000  64
-68.0000  10.0000  65
-100.000  4.00000  66
-104.000  -24.0000  67
-112.000  -20.0000  68
-44.0000  16.0000  69
-80.0000  26.0000  70
-8.00000  44.0000  71
-128.000  -6.00000  72
-116.000  40.0000  73
-104.000  28.0000  74
-84.0000  0.00000  75
-120.000  20.0000  76
-76.0000  4.00000  77
-120.000  -46.0000  78
-52.0000  -12.0000  79
-108.000  28.0000  80
-56.0000  6.00000  81
-88.0000  -18.0000  82
-152.000  -6.00000  83
-76.0000  -12.0000  84
-76.0000  18.0000  85
-100.000  -8.00000  86
-104.000  -2.00000  87
-96.0000  -34.0000  88
-92.0000  -20.0000  89
-68.0000  -26.0000  90
-100.000  -54.0000  91
-36.0000  -6.00000  92
-136.000  0.00000  93
-128.000  42.0000  94
-36.0000  2.00000  95
-76.0000  -6.00000  96
-88.0000  -12.0000  97
-76.0000  -36.0000  98
-56.0000  -2.00000  99
-60.0000  2.00000  100
-84.0000  14.0000  101
-100.000  24.0000  102
-128.000  32.0000  103
-96.0000  26.0000  104
-88.0000  10.0000  105
-64.0000  6.00000  106
-60.0000  -18.0000  107
-96.0000  6.00000  108
-80.0000  -12.0000  109
-92.0000  38.0000  110
-72.0000  10.0000  111
-68.0000  -20.0000  112
-104.000  -20.0000  113
-92.0000  -46.0000  114
-100.000  2.00000  115
-112.000  32.0000  116
-112.000  44.0000  117
-92.0000  42.0000  118
-80.0000  6.00000  119
-92.0000  -16.0000  120
-60.0000  -14.0000  121
-20.0000  -22.0000  122
-104.000  -44.0000  123
-40.0000  4.00000  124
-92.0000  4.00000  125
-20.0000  -8.00000  126
-68.0000  -42.0000  127
-52.0000  -36.0000  128
-56.0000  8.00000  129
-84.0000  -2.00000  130
-84.0000  6.00000  131
-64.0000  -50.0000  132
-128.000  -102.000  133
-72.0000  -18.0000  134
-128.000  26.0000  135
-120.000  52.0000  136
-100.000  -18.0000  137
-104.000  4.00000  138
-64.0000  4.00000  139
-64.0000  12.0000  140
-116.000  32.0000  141
-64.0000  56.0000  142
-84.0000  -26.0000  143
-100.000  32.0000  144
-112.000  32.0000  145
-64.0000  -12.0000  146
-24.0000  40.0000  147
-64.0000  38.0000  148
-108.000  6.00000  149
-92.0000  32.0000  150
-120.000  4.00000  151
-120.000  0.00000  152
-80.0000  -4.00000  153
-96.0000  -56.0000  154
-96.0000  0.00000  155
-112.000  40.0000  156
-84.0000  2.00000  157
-40.0000  44.0000  158
-88.0000  10.0000  159
-104.000  12.0000  160
-100.000  -18.0000  161
-128.000  36.0000  162
-52.0000  -28.0000  163
-92.0000  -16.0000  164
-88.0000  36.0000  165
-72.0000  14.0000  166
-72.0000  20.0000  167
-68.0000  28.0000  168
-108.000  28.0000  169
-108.000  -36.0000  170
-112.000  4.00000  171
-36.0000  2.00000  172
-56.0000  6.00000  173
-96.0000  26.0000  174
-92.0000  -18.0000  175
-64.0000  -16.0000  176
-12.0000  16.0000  177
-80.0000  2.00000  178
-100.000  20.0000  179
-84.0000  20.0000  180
-88.0000  -2.00000  181
-100.000  -26.0000  182
-72.0000  -14.0000  183
-72.0000  0.00000  184
-84.0000  -38.0000  185
-92.0000  -28.0000  186
-64.0000  -6.00000  187
-76.0000  36.0000  188
-80.0000  20.0000  189
-104.000  -2.00000  190
-68.0000  6.00000  191
-144.000  22.0000  192
-36.0000  24.0000  193
-52.0000  -16.0000  194
-52.0000  6.00000  195
-120.000  -42.0000  196
-48.0000  -8.00000  197
-72.0000  18.0000  198
-36.0000  -24.0000  199
-72.0000  2.00000  200
-84.0000  8.00000  201
-92.0000  4.00000  202
-92.0000  4.00000  203
-44.0000  -16.0000  204
-116.000  0.00000  205
-68.0000  4.00000  206
-48.0000  20.0000  207
-68.0000  -4.00000  208
-124.000  16.0000  209
-116.000  10.0000  210
-92.0000  16.0000  211
-80.0000  0.00000  212
-44.0000  14.0000  213
-100.000  16.0000  214
-96.0000  18.0000  215
-72.0000  14.0000  216
-88.0000  48.0000  217
-96.0000  -6.00000  218
-84.0000  8.00000  219
-72.0000  -6.00000  220
-76.0000  12.0000  221
-104.000  -4.00000  222
-84.0000  -10.0000  223
-44.0000  -22.0000  224
-44.0000  44.0000  225
-100.000  48.0000  226
-96.0000  -16.0000  227
-84.0000  -2.00000  228
-104.000  12.0000  229
-72.0000  28.0000  230
-64.0000  -2.00000  231
-84.0000  -14.0000  232
-56.0000  -40.0000  233
-68.0000  -38.0000  234
-40.0000  4.00000  235
-84.0000  -22.0000  236
-68.0000  -20.0000  237
-96.0000  -48.0000  238
-60.0000  -44.0000  239
-80.0000  -10.0000  240
-32.0000  16.0000  241
-164.000  -16.0000  242
-100.000  -12.0000  243
-40.0000  20.0000  244
-52.0000  28.0000  245
-48.0000  0.00000  246
-92.0000  -32.0000  247
-88.0000  0.00000  248
-56.0000  4.00000  249
-36.0000  -4.00000  250
-100.000  -14.0000  251
-44.0000  -28.0000  252
-96.0000  2.00000  253
-64.0000  -22.0000  254
-56.0000  -26.0000  255
-140.000  -6.00000  256
-108.000  12.0000  257
-120.000  30.0000  258
-68.0000  6.00000  259
-72.0000  8.00000  260
-40.0000  12.0000  261
-76.0000  36.0000  262
-72.0000  -26.0000  263
-128.000  -12.0000  264
-40.0000  30.0000  265
-76.0000  -30.0000  266
-108.000  -36.0000  267
-120.000  -8.00000  268
-140.000  36.0000  269
-140.000  -12.0000  270
-108.000  -14.0000  271
-136.000  0.00000  272
-76.0000  20.0000  273
-88.0000  2.00000  274
-76.0000  -8.00000  275
-28.0000  -30.0000  276
-80.0000  2.00000  277
-92.0000  -38.0000  278
-48.0000  -32.0000  279
-52.0000  -18.0000  280
-68.0000  6.00000  281
-100.000  -12.0000  282
-60.0000  20.0000  283
-60.0000  -6.00000  284
-88.0000  34.0000  285
-132.000  16.0000  286
-64.0000  -10.0000  287
-148.000  14.0000  288
-36.0000  -24.0000  289
-60.0000  -6.00000  290
-136.000  26.0000  291
-56.0000  14.0000  292
-48.0000  18.0000  293
-16.0000  30.0000  294
-68.0000  -6.00000  295
-72.0000  10.0000  296
-72.0000  22.0000  297
-84.0000  -2.00000  298
-100.000  -4.00000  299
-52.0000  4.00000  300
-84.0000  -30.0000  301
-116.000  4.00000  302
-24.0000  32.0000  303
-52.0000  -36.0000  304
-52.0000  -22.0000  305
-88.0000  -20.0000  306
-120.000  40.0000  307
-100.000  16.0000  308
-52.0000  6.00000  309
-56.0000  -4.00000  310
-140.000  16.0000  311
-40.0000  16.0000  312
-56.0000  26.0000  313
-100.000  34.0000  314
-88.0000  20.0000  315
-52.0000  -14.0000  316
-108.000  -16.0000  317
-96.0000  12.0000  318
-108.000  4.00000  319
-56.0000  -4.00000  320
-108.000  28.0000  321
-92.0000  -2.00000  322
-68.0000  26.0000  323
-8.00000  36.0000  324
-60.0000  -12.0000  325
-72.0000  4.00000  326
-64.0000  -24.0000  327
-116.000  -8.00000  328
-72.0000  -8.00000  329
-32.0000  18.0000  330
-100.000  -58.0000  331
-52.0000  -8.00000  332
-68.0000  -20.0000  333
-68.0000  6.00000  334
-60.0000  18.0000  335
-60.0000  -4.00000  336
-104.000  4.00000  337
-56.0000  30.0000  338
-68.0000  18.0000  339
-16.0000  -10.0000  340
-88.0000  -34.0000  341
-24.0000  -26.0000  342
-108.000  -52.0000  343
-168.000  -18.0000  344
-160.000  -56.0000  345
-96.0000  -38.0000  346
-116.000  -58.0000  347
-152.000  -42.0000  348
-96.0000  -34.0000  349
-60.0000  -20.0000  350
-60.0000  4.00000  351
-120.000  10.0000  352
-48.0000  0.00000  353
-88.0000  -18.0000  354
-84.0000  46.0000  355
-92.0000  20.0000  356
-44.0000  -34.0000  357
-84.0000  -44.0000  358
-96.0000  2.00000  359
-52.0000  6.00000  360
-64.0000  -24.0000  361
-96.0000  4.00000  362
-88.0000  2.00000  363
-40.0000  12.0000  364
-128.000  2.00000  365
-96.0000  32.0000  366
-84.0000  -16.0000  367
-88.0000  -28.0000  368
-100.000  14.0000  369
-88.0000  16.0000  370
-148.000  -32.0000  371
-68.0000  -14.0000  372
-84.0000  12.0000  373
-44.0000  -44.0000  374
-68.0000  -6.00000  375
-104.000  -30.0000  376
-84.0000  -12.0000  377
-148.000  2.00000  378
-100.000  30.0000  379
-100.000  -16.0000  380
-64.0000  6.00000  381
-80.0000  14.0000  382
-88.0000  -22.0000  383
-108.000  -34.0000  384
-124.000  -22.0000  385
-136.000  20.0000  386
-80.0000  -20.0000  387
-76.0000  18.0000  388
-112.000  16.0000  389
-84.0000  -12.0000  390
-116.000  10.0000  391
-76.0000  14.0000  392
-116.000  26.0000  393
-108.000  -20.0000  394
-16.0000  -32.0000  395
-72.0000  10.0000  396
-104.000  4.00000  397
-72.0000  -14.0000  398
-140.000  -38.0000  399
-36.0000  14.0000  400
-92.0000  -10.0000  401
-40.0000  28.0000  402
-92.0000  -14.0000  403
-92.0000  -20.0000  404
-96.0000  0.00000  405
-112.000  -24.0000  406
-116.000  -22.0000  407
-64.0000  22.0000  408
-56.0000  -66.0000  409
-76.0000  -56.0000  410
-48.0000  -12.0000  411
-96.0000  8.00000  412
-48.0000  -10.0000  413
-76.0000  10.0000  414
-68.0000  20.0000  415
-72.0000  -18.0000  416
-40.0000  20.0000  417
-92.0000  16.0000  418
-80.0000  18.0000  419
-68.0000  -12.0000  420
-84.0000  -18.0000  421
-104.000  -2.00000  422
-92.0000  -16.0000  423
-120.000  14.0000  424
-36.0000  -22.0000  425
-40.0000  -52.0000  426
-52.0000  2.00000  427
-96.0000  -14.0000  428
-60.0000  -14.0000  429
-92.0000  -12.0000  430
-88.0000  -24.0000  431
-112.000  -22.0000  432
-92.0000  20.0000  433
-84.0000  16.0000  434
-36.0000  20.0000  435
-56.0000  54.0000  436
-68.0000  -10.0000  437
-52.0000  24.0000  438
-104.000  28.0000  439
-80.0000  40.0000  440
-120.000  8.00000  441
-80.0000  -20.0000  442
-128.000  -18.0000  443
-164.000  -18.0000  444
-76.0000  -28.0000  445
-116.000  -40.0000  446
-108.000  -84.0000  447
-96.0000  -30.0000  448
-80.0000  16.0000  449
-92.0000  0.00000  450
-72.0000  -26.0000  451
-144.000  -36.0000  452
-112.000  -36.0000  453
-76.0000  -12.0000  454
-104.000  -28.0000  455
-128.000  -38.0000  456
-72.0000  -30.0000  457
-96.0000  -26.0000  458
-60.0000  -4.00000  459
-100.000  2.00000  460
-76.0000  18.0000  461
-72.0000  -10.0000  462
-124.000  30.0000  463
-104.000  16.0000  464
-100.000  12.0000  465
-84.0000  -10.0000  466
-92.0000  18.0000  467
-76.0000  4.00000  468
-76.0000  16.0000  469
-24.0000  4.00000  470
-104.000  6.00000  471
-64.0000  18.0000  472
-92.0000  2.00000  473
-116.000  -2.00000  474
-144.000  -36.0000  475
-112.000  -6.00000  476
-60.0000  -6.00000  477
-76.0000  14.0000  478
-92.0000  36.0000  479
-64.0000  10.0000  480
-64.0000  40.0000  481
-64.0000  56.0000  482
-92.0000  -8.00000  483
-72.0000  -24.0000  484
-24.0000  4.00000  485
-20.0000  -12.0000  486
-100.000  16.0000  487
-88.0000  -10.0000  488
-56.0000  -8.00000  489
-68.0000  28.0000  490
-140.000  36.0000  491
-60.0000  -4.00000  492
-56.0000  20.0000  493
-100.000  38.0000  494
-56.0000  -2.00000  495
-100.000  -14.0000  496
-148.000  46.0000  497
-72.0000  10.0000  498
-92.0000  -48.0000  499
-56.0000  18.0000  500
-88.0000  -32.0000  501
-172.000  -30.0000  502
-52.0000  -18.0000  503
-84.0000  4.00000  504
-148.000  -14.0000  505
-96.0000  -48.0000  506
-104.000  -72.0000  507
-96.0000  -14.0000  508
-72.0000  -50.0000  509
-60.0000  -46.0000  510
-52.0000  -32.0000  511
-80.0000  -38.0000  512
-88.0000  2.00000  513
-56.0000  26.0000  514
-132.000  -12.0000  515
-48.0000  2.00000  516
-88.0000  6.00000  517
-88.0000  18.0000  518
-144.000  8.00000  519
-76.0000  4.00000  520
-108.000  42.0000  521
-84.0000  22.0000  522
-84.0000  14.0000  523
-72.0000  26.0000  524
-88.0000  -18.0000  525
-144.000  6.00000  526
-76.0000  -2.00000  527
-56.0000  18.0000  528
-84.0000  10.0000  529
-104.000  -22.0000  530
-92.0000  24.0000  531
-56.0000  -16.0000  532
-76.0000  -36.0000  533
-68.0000  -36.0000  534
-76.0000  12.0000  535
-88.0000  -12.0000  536
-64.0000  -10.0000  537
-104.000  -48.0000  538
-84.0000  -40.0000  539
-64.0000  -4.00000  540
-136.000  16.0000  541
-76.0000  46.0000  542
-40.0000  -26.0000  543
-40.0000  -36.0000  544
-68.0000  20.0000  545
-48.0000  2.00000  546
-116.000  -8.00000  547
-84.0000  -14.0000  548
-32.0000  0.00000  549
-104.000  38.0000  550
-64.0000  -14.0000  551
-136.000  -18.0000  552
-112.000  -26.0000  553
-144.000  -4.00000  554
-52.0000  -12.0000  555
-52.0000  -24.0000  556
-96.0000  -10.0000  557
-100.000  10.0000  558
-76.0000  28.0000  559
-56.0000  12.0000  560
-44.0000  -12.0000  561
-92.0000  0.00000  562
-108.000  2.00000  563
-128.000  -14.0000  564
-108.000  -10.0000  565
-44.0000  -38.0000  566
-92.0000  -4.00000  567
-108.000  -16.0000  568
-88.0000  8.00000  569
-76.0000  -36.0000  570
-52.0000  16.0000  571
-124.000  0.00000  572
-64.0000  6.00000  573
-36.0000  -20.0000  574
-72.0000  12.0000  575
-88.0000  18.0000  576
-68.0000  6.00000  577
-48.0000  -4.00000  578
-88.0000  -14.0000  579
-104.000  0.00000  580
-68.0000  -4.00000  581
-68.0000  -28.0000  582
-60.0000  -6.00000  583
-88.0000  -60.0000  584
-76.0000  -4.00000  585
-72.0000  6.00000  586
-88.0000  26.0000  587
-48.0000  -54.0000  588
-76.0000  -32.0000  589
-68.0000  4.00000  590
-48.0000  42.0000  591
-52.0000  26.0000  592
-108.000  -8.00000  593
-76.0000  0.00000  594
-36.0000  -10.0000  595
-96.0000  48.0000  596
-68.0000  52.0000  597
-104.000  2.00000  598
-156.000  -30.0000  599
-100.000  2.00000  600
-60.0000  -22.0000  601
-80.0000  -50.0000  602
-20.0000  24.0000  603
-48.0000  44.0000  604
-28.0000  12.0000  605
-76.0000  6.00000  606
-32.0000  -12.0000  607
-108.000  10.0000  608
-136.000  -6.00000  609
-144.000  18.0000  610
-116.000  -6.00000  611
-72.0000  -20.0000  612
-52.0000  12.0000  613
-88.0000  -22.0000  614
-128.000  14.0000  615
-64.0000  22.0000  616
-44.0000  2.00000  617
-72.0000  -2.00000  618
-92.0000  26.0000  619
-120.000  -10.0000  620
-80.0000  -24.0000  621
-128.000  20.0000  622
-92.0000  60.0000  623
-92.0000  44.0000  624
-68.0000  38.0000  625
-108.000  -34.0000  626
-72.0000  -12.0000  627
-36.0000  -28.0000  628
-68.0000  -4.00000  629
-44.0000  -4.00000  630
-80.0000  -66.0000  631
-104.000  -20.0000  632
-72.0000  -22.0000  633
-56.0000  -38.0000  634
-96.0000  -20.0000  635
-96.0000  -20.0000  636
-92.0000  -4.00000  637
-100.000  -24.0000  638
-36.0000  22.0000  639
-116.000  -18.0000  640
-108.000  2.00000  641
-120.000  28.0000  642
-132.000  -14.0000  643
-72.0000  -12.0000  644
-60.0000  -8.00000  645
-88.0000  12.0000  646
-96.0000  24.0000  647
-52.0000  18.0000  648
-76.0000  8.00000  649
-88.0000  -14.0000  650
-68.0000  -36.0000  651
-100.000  -6.00000  652
-56.0000  0.00000  653
-40.0000  42.0000  654
-92.0000  14.0000  655
-76.0000  -14.0000  656
-92.0000  -18.0000  657
-28.0000  -4.00000  658
-68.0000  -14.0000  659
-8.00000  -26.0000  660
-68.0000  14.0000  661
-124.000  -42.0000  662
-144.000  -4.00000  663
-72.0000  14.0000  664
-44.0000  20.0000  665
-40.0000  -48.0000  666
-84.0000  -56.0000  667
-84.0000  -24.0000  668
-72.0000  -14.0000  669
-32.0000  -18.0000  670
-88.0000  -4.00000  671
-92.0000  -40.0000  672
-84.0000  -2.00000  673
-40.0000  36.0000  674
-80.0000  -44.0000  675
-112.000  -70.0000  676
-44.0000  -4.00000  677
-108.000  -16.0000  678
-84.0000  42.0000  679
-120.000  24.0000  680
-88.0000  -8.00000  681
-56.0000  -18.0000  682
-60.0000  -28.0000  683
-104.000  -50.0000  684
-56.0000  -8.00000  685
-100.000  2.00000  686
-8.00000  10.0000  687
-76.0000  28.0000  688
-60.0000  -24.0000  689
-80.0000  8.00000  690
-64.0000  24.0000  691
-140.000  -24.0000  692
-64.0000  -22.0000  693
-24.0000  26.0000  694
-116.000  0.00000  695
-92.0000  -24.0000  696
-164.000  -28.0000  697
-24.0000  -12.0000  698
-16.0000  20.0000  699
-64.0000  10.0000  700
-128.000  -26.0000  701
-88.0000  18.0000  702
-28.0000  32.0000  703
-108.000  38.0000  704
-108.000  -10.0000  705
-72.0000  4.00000  706
-84.0000  -22.0000  707
-52.0000  -22.0000  708
-136.000  -20.0000  709
-88.0000  12.0000  710
-100.000  -16.0000  711
-108.000  -8.00000  712
-152.000  24.0000  713
-128.000  72.0000  714
-84.0000  36.0000  715
-48.0000  32.0000  716
-48.0000  -2.00000  717
-80.0000  44.0000  718
-148.000  14.0000  719
-80.0000  -12.0000  720
-56.0000  10.0000  721
-60.0000  -32.0000  722
-112.000  -12.0000  723
-120.000  0.00000  724
-92.0000  -16.0000  725
-56.0000  -6.00000  726
-92.0000  -38.0000  727
-36.0000  -26.0000  728
-104.000  -34.0000  729
-112.000  -12.0000  730
-52.0000  -10.0000  731
-60.0000  -14.0000  732
-132.000  60.0000  733
-80.0000  0.00000  734
-76.0000  4.00000  735
-72.0000  18.0000  736
-68.0000  4.00000  737
-88.0000  12.0000  738
-88.0000  -40.0000  739
-84.0000  34.0000  740
-64.0000  32.0000  741
-64.0000  24.0000  742
-76.0000  8.00000  743
-88.0000  -4.00000  744
-76.0000  -10.0000  745
-76.0000  -38.0000  746
-16.0000  34.0000  747
-120.000  18.0000  748
-112.000  -4.00000  749
-56.0000  2.00000  750
16.0000  38.0000  751
-112.000  40.0000  752
-68.0000  4.00000  753
-112.000  34.0000  754
-48.0000  -10.0000  755
-84.0000  -8.00000  756
-108.000  -14.0000  757
-148.000  -58.0000  758
-108.000  -58.0000  759
-116.000  -64.0000  760
-56.0000  -18.0000  761
-92.0000  -10.0000  762
-64.0000  20.0000  763
-24.0000  8.00000  764
-88.0000  -48.0000  765
-96.0000  -32.0000  766
-100.000  -6.00000  767
-72.0000  18.0000  768
-116.000  2.00000  769
-100.000  50.0000  770
-80.0000  -20.0000  771
-80.0000  -30.0000  772
-132.000  -28.0000  773
-100.000  -6.00000  774
-120.000  16.0000  775
-116.000  4.00000  776
-88.0000  28.0000  777
-136.000  -14.0000  778
-72.0000  4.00000  779
-76.0000  -8.00000  780
-88.0000  40.0000  781
-40.0000  6.00000  782
-56.0000  22.0000  783
-64.0000  14.0000  784
-76.0000  -32.0000  785
-56.0000  6.00000  786
-72.0000  10.0000  787
-40.0000  28.0000  788
-76.0000  16.0000  789
-36.0000  2.00000  790
-36.0000  2.00000  791
-68.0000  46.0000  792
-84.0000  26.0000  793
-100.000  0.00000  794
-84.0000  16.0000  795
-84.0000  4.00000  796
-96.0000  10.0000  797
-100.000  16.0000  798
-140.000  20.0000  799
-116.000  2.00000  800
-88.0000  -12.0000  801
-144.000  2.00000  802
-80.0000  4.00000  803
-76.0000  -42.0000  804
-104.000  -50.0000  805
-44.0000  -26.0000  806
-76.0000  -10.0000  807
-76.0000  -4.00000  808
-96.0000  -18.0000  809
-100.000  -24.0000  810
-88.0000  30.0000  811
-100.000  -18.0000  812
-56.0000  -8.00000  813
-68.0000  8.00000  814
-104.000  -10.0000  815
-16.0000  -6.00000  816
-72.0000  8.00000  817
-96.0000  20.0000  818
-64.0000  -4.00000  819
-48.0000  -22.0000  820
-108.000  -38.0000  821
-120.000  -36.0000  822
-68.0000  0.00000  823
-84.0000  -38.0000  824
-60.0000  -28.0000  825
-96.0000  -40.0000  826
-36.0000  -8.00000  827
-92.0000  -32.0000  828
-92.0000  -50.0000  829
-72.0000  -4.00000  830
-108.000  38.0000  831
-100.000  4.00000  832
-72.0000  -4.00000  833
-40.0000  -12.0000  834
-68.0000  16.0000  835
-104.000  -30.0000  836
-72.0000  -6.00000  837
-68.0000  -50.0000  838
-104.000  12.0000  839
-60.0000  50.0000  840
-76.0000  44.0000  841
-96.0000  -6.00000  842
-52.0000  22.0000  843
-104.000  12.0000  844
-116.000  8.00000  845
-80.0000  2.00000  846
-136.000  -28.0000  847
-128.000  -32.0000  848
-128.000  -30.0000  849
-96.0000  -24.0000  850
-56.0000  -28.0000  851
-80.0000  16.0000  852
-92.0000  -56.0000  853
-52.0000  -10.0000  854
-96.0000  22.0000  855
-56.0000  4.00000  856
-88.0000  -2.00000  857
-88.0000  -38.0000  858
-104.000  -12.0000  859
-96.0000  2.00000  860
-100.000  16.0000  861
-100.000  16.0000  862
-108.000  -28.0000  863
-120.000  6.00000  864
-116.000  -6.00000  865
-128.000  -32.0000  866
-120.000  -48.0000  867
-92.0000  -28.0000  868
-96.0000  -32.0000  869
-56.0000  -36.0000  870
-84.0000  -14.0000  871
-112.000  12.0000  872
-20.0000  8.00000  873
-80.0000  18.0000  874
-84.0000  8.00000  875
-112.000  32.0000  876
-40.0000  14.0000  877
-64.0000  48.0000  878
-96.0000  14.0000  879
-76.0000  12.0000  880
-104.000  58.0000  881
-60.0000  16.0000  882
-40.0000  16.0000  883
-104.000  2.00000  884
-40.0000  -16.0000  885
-96.0000  -24.0000  886
-120.000  12.0000  887
-108.000  -18.0000  888
-96.0000  -10.0000  889
-100.000  12.0000  890
-32.0000  40.0000  891
-60.0000  18.0000  892
-112.000  38.0000  893
-84.0000  32.0000  894
-92.0000  -4.00000  895
-84.0000  -16.0000  896
-76.0000  -10.0000  897
-92.0000  -2.00000  898
-120.000  -8.00000  899
-152.000  -62.0000  900
-88.0000  -32.0000  901
-68.0000  -14.0000  902
-36.0000  -10.0000  903
-20.0000  0.00000  904
-72.0000  -30.0000  905
-80.0000  -18.0000  906
-76.0000  -58.0000  907
-164.000  -74.0000  908
-60.0000  -26.0000  909
-88.0000  -22.0000  910
-56.0000  12.0000  911
-104.000  10.0000  912
-72.0000  -20.0000  913
-92.0000  8.00000  914
-44.0000  -18.0000  915
-136.000  36.0000  916
-152.000  32.0000  917
-68.0000  -22.0000  918
-56.0000  -38.0000  919
-96.0000  -18.0000  920
-32.0000  0.00000  921
-88.0000  -8.00000  922
-104.000  12.0000  923
-52.0000  10.0000  924
-60.0000  2.00000  925
-56.0000  36.0000  926
-116.000  34.0000  927
-136.000  2.00000  928
-76.0000  14.0000  929
-80.0000  16.0000  930
-36.0000  56.0000  931
-60.0000  22.0000  932
-88.0000  -34.0000  933
-112.000  -14.0000  934
-88.0000  6.00000  935
-52.0000  8.00000  936
-92.0000  14.0000  937
-116.000  54.0000  938
-92.0000  36.0000  939
-80.0000  -18.0000  940
-40.0000  -20.0000  941
-108.000  -2.00000  942
-88.0000  4.00000  943
-72.0000  -24.0000  944
-72.0000  -56.0000  945
-104.000  -50.0000  946
-12.0000  -36.0000  947
-84.0000  -2.00000  948
-60.0000  12.0000  949
-68.0000  30.0000  950
-72.0000  -8.00000  951
-76.0000  -6.00000  952
-60.0000  8.00000  953
-100.000  28.0000  954
-48.0000  42.0000  955
-92.0000  -4.00000  956
-72.0000  -12.0000  957
-112.000  -48.0000  958
-68.0000  -16.0000  959
-128.000  46.0000  960
-120.000  32.0000  961
-160.000  14.0000  962
-68.0000  -18.0000  963
-116.000  -40.0000  964
-120.000  -46.0000  965
-96.0000  -34.0000  966
-76.0000  2.00000  967
-80.0000  4.00000  968
-64.0000  -2.00000  969
-68.0000  26.0000  970
-92.0000  2.00000  971
-48.0000  0.00000  972
-124.000  -20.0000  973
-112.000  -46.0000  974
-68.0000  -6.00000  975
-28.0000  10.0000  976
-60.0000  -18.0000  977
-120.000  -10.0000  978
-76.0000  10.0000  979
-112.000  2.00000  980
-116.000  -28.0000  981
-116.000  34.0000  982
-104.000  8.00000  983
-64.0000  -8.00000  984
-44.0000  2.00000  985
-52.0000  26.0000  986
-64.0000  16.0000  987
-60.0000  8.00000  988
-76.0000  8.00000  989
-52.0000  -16.0000  990
-72.0000  24.0000  991
-84.0000  10.0000  992
-80.0000  32.0000  993
-120.000  -14.0000  994
-68.0000  26.0000  995
-24.0000  54.0000  996
-60.0000  -4.00000  997
-84.0000  -12.0000  998
-104.000  -14.0000  999
