8.00000  30.0000  0
20.0000  -18.0000  1
-44.0000  -10.0000  2
-28.0000  12.0000  3
40.0000  -6.00000  4
-20.0000  6.00000  5
-16.0000  50.0000  6
32.0000  14.0000  7
-4.00000  -34.0000  8
12.0000  -16.0000  9
-32.0000  14.0000  10
-20.0000  4.00000  11
-40.0000  -8.00000  12
-16.0000  -16.0000  13
4.00000  22.0000  14
-20.0000  2.00000  15
-64.0000  16.0000  16
32.0000  8.00000  17
-68.0000  48.0000  18
-16.0000  6.00000  19
-72.0000  -4.00000  20
-16.0000  -22.0000  21
12.0000  22.0000  22
-16.0000  16.0000  23
68.0000  0.00000  24
-0.00000  -2.00000  25
-48.0000  6.00000  26
-48.0000  24.0000  27
-60.0000  -24.0000  28
8.00000  8.00000  29
8.00000  -22.0000  30
-32.0000  -42.0000  31
8.00000  18.0000  32
-8.00000  30.0000  33
20.0000  38.0000  34
8.00000  4.00000  35
-28.0000  -6.00000  36
-48.0000  18.0000  37
-8.00000  -28.0000  38
-4.00000  -2.00000  39
-16.0000  -18.0000  40
-0.00000  14.0000  41
16.0000  2.00000  42
40.0000  -22.0000  43
24.0000  2.00000  44
-36.0000  14.0000  45
-12.0000  -26.0000  46
12.0000  -8.00000  47
-48.0000  18.0000  48
-36.0000  6.00000  49
-32.0000  -4.00000  50
-36.0000  -16.0000  51
24.0000  20.0000  52
16.0000  -2.00000  53
-8.00000  4.00000  54
-12.0000  -26.0000  55
-8.00000  2.00000  56
-4.00000  12.0000  57
-28.0000  28.0000  58
-8.00000  -6.00000  59
-16.0000  4.00000  60
-32.0000  -12.0000  61
-64.0000  -18.0000  62
32.0000  -8.00000  63
-20.0000  6.00000  64
4.00000  12.0000  65
-40.0000  -18.0000  66
-68.0000  -12.0000  67
-24.0000  -18.0000  68
8.00000  20.0000  69
-48.0000  -8.00000  70
-12.0000  -10.0000  71
-0.00000  -6.00000  72
-76.0000  16.0000  73
-20.0000  12.0000  74
48.0000  30.0000  75
-16.0000  -14.0000  76
-32.0000  -24.0000  77
-40.0000  0.00000  78
8.00000  36.0000  79
-32.0000  12.0000  80
-20.0000  36.0000  81
-40.0000  36.0000  82
20.0000  32.0000  83
-4.00000  18.0000  84
24.0000  -22.0000  85
28.0000  4.00000  86
-52.0000  4.00000  87
48.0000  10.0000  88
-4.00000  18.0000  89
28.0000  -16.0000  90
28.0000  -4.00000  91
-0.00000  6.00000  92
-48.0000  -4.00000  93
40.0000  10.0000  94
12.0000  4.00000  95
-24.0000  34.0000  96
-4.00000  -6.00000  97
-72.0000  12.0000  98
-80.0000  -12.0000  99
48.0000  24.0000  100
-12.0000  -24.0000  101
8.00000  -12.0000  102
-24.0000  28.0000  103
36.0000  -2.00000  104
-32.0000  -28.0000  105
4.00000  4.00000  106
-28.0000  -4.00000  107
-0.00000  4.00000  108
48.0000  2.00000  109
40.0000  -8.00000  110
16.0000  -18.0000  111
-40.0000  6.00000  112
28.0000  4.00000  113
-16.0000  30.0000  114
24.0000  16.0000  115
-60.0000  4.00000  116
-36.0000  4.00000  117
12.0000  -18.0000  118
4.00000  -4.00000  119
-48.0000  -46.0000  120
32.0000  12.0000  121
-36.0000  36.0000  122
-0.00000  2.00000  123
-24.0000  -8.00000  124
-24.0000  20.0000  125
-76.0000  12.0000  126
-0.00000  8.00000  127
-16.0000  20.0000  128
16.0000  -12.0000  129
-4.00000  -12.0000  130
-8.00000  -12.0000  131
-32.0000  8.00000  132
-52.0000  -28.0000  133
-40.0000  10.0000  134
-44.0000  -24.0000  135
8.00000  -32.0000  136
-12.0000  -20.0000  137
-24.0000  2.00000  138
56.0000  4.00000  139
-36.0000  20.0000  140
32.0000  22.0000  141
-36.0000  42.0000  142
56.0000  8.00000  143
-0.00000  8.00000  144
-12.0000  10.0000  145
-0.00000  -36.0000  146
-20.0000  -10.0000  147
24.0000  -2.00000  148
-16.0000  -20.0000  149
44.0000  -36.0000  150
24.0000  6.00000  151
-36.0000  -8.00000  152
-20.0000  -14.0000  153
-8.00000  -20.0000  154
-44.0000  4.00000  155
-28.0000  12.0000  156
-32.0000  -6.00000  157
-40.0000  18.0000  158
-36.0000  26.0000  159
-32.0000  28.0000  160
-16.0000  38.0000  161
-24.0000  -30.0000  162
16.0000  -16.0000  163
12.0000  24.0000  164
-8.00000  20.0000  165
8.00000  -6.00000  166
-36.0000  -12.0000  167
-8.00000  24.0000  168
-32.0000  18.0000  169
-12.0000  -4.00000  170
48.0000  -44.0000  171
-32.0000  -20.0000  172
-56.0000  -32.0000  173
-40.0000  16.0000  174
28.0000  26.0000  175
-48.0000  -20.0000  176
-32.0000  -16.0000  177
-0.00000  -8.00000  178
-40.0000  40.0000  179
-20.0000  -4.00000  180
-16.0000  -2.00000  181
4.00000  20.0000  182
-88.0000  -18.0000  183
24.0000  -38.0000  184
-24.0000  10.0000  185
-40.0000  22.0000  186
8.00000  0.00000  187
20.0000  -24.0000  188
-28.0000  12.0000  189
-4.00000  2.00000  190
-20.0000  8.00000  191
16.0000  -32.0000  192
-24.0000  -24.0000  193
-20.0000  -12.0000  194
-48.0000  0.00000  195
-76.0000  2.00000  196
-104.000  4.00000  197
-40.0000  16.0000  198
12.0000  8.00000  199
-32.0000  -8.00000  200
-4.00000  14.0000  201
24.0000  20.0000  202
8.00000  -12.0000  203
-48.0000  -6.00000  204
-28.0000  18.0000  205
-44.0000  14.0000  206
12.0000  38.0000  207
-24.0000  16.0000  208
-8.00000  12.0000  209
24.0000  -4.00000  210
-20.0000  0.00000  211
12.0000  6.00000  212
-4.00000  36.0000  213
8.00000  -12.0000  214
-28.0000  -4.00000  215
-0.00000  28.0000  216
40.0000  28.0000  217
-8.00000  -18.0000  218
12.0000  -2.00000  219
-4.00000  6.00000  220
-16.0000  12.0000  221
-60.0000  -8.00000  222
-12.0000  -2.00000  223
-12.0000  -20.0000  224
-20.0000  12.0000  225
-16.0000  6.00000  226
4.00000  -20.0000  227
-0.00000  28.0000  228
20.0000  2.00000  229
-8.00000  -4.00000  230
-8.00000  6.00000  231
24.0000  26.0000  232
36.0000  14.0000  233
-40.0000  32.0000  234
-28.0000  20.0000  235
-28.0000  -22.0000  236
-4.00000  -12.0000  237
8.00000  -32.0000  238
-20.0000  22.0000  239
48.0000  0.00000  240
-4.00000  6.00000  241
-44.0000  -8.00000  242
-4.00000  -36.0000  243
4.00000  6.00000  244
-8.00000  16.0000  245
20.0000  -8.00000  246
20.0000  -18.0000  247
-44.0000  -12.0000  248
12.0000  4.00000  249
4.00000  -10.0000  250
16.0000  -2.00000  251
-12.0000  32.0000  252
32.0000  -6.00000  253
-44.0000  8.00000  254
28.0000  -28.0000  255
-96.0000  14.0000  256
-52.0000  16.0000  257
36.0000  18.0000  258
36.0000  -10.0000  259
-4.00000  -14.0000  260
20.0000  -24.0000  261
24.0000  -6.00000  262
-12.0000  -4.00000  263
-0.00000  8.00000  264
-36.0000  14.0000  265
-8.00000  10.0000  266
-28.0000  32.0000  267
12.0000  2.00000  268
-12.0000  -12.0000  269
-12.0000  -16.0000  270
12.0000  -6.00000  271
-20.0000  -10.0000  272
-24.0000  -30.0000  273
-28.0000  10.0000  274
-32.0000  10.0000  275
-48.0000  6.00000  276
-20.0000  -20.0000  277
-36.0000  4.00000  278
-20.0000  6.00000  279
40.0000  -10.0000  280
-40.0000  8.00000  281
-24.0000  4.00000  282
12.0000  8.00000  283
-48.0000  0.00000  284
12.0000  -14.0000  285
-12.0000  0.00000  286
-8.00000  30.0000  287
-28.0000  2.00000  288
-12.0000  36.0000  289
8.00000  -14.0000  290
44.0000  -10.0000  291
-16.0000  18.0000  292
-32.0000  -26.0000  293
-44.0000  8.00000  294
36.0000  -4.00000  295
-16.0000  -30.0000  296
-8.00000  -6.00000  297
-52.0000  32.0000  298
-12.0000  12.0000  299
-36.0000  -22.0000  300
-48.0000  -28.0000  301
16.0000  -2.00000  302
-12.0000  -32.0000  303
-12.0000  -28.0000  304
-48.0000  26.0000  305
-20.0000  -4.00000  306
28.0000  16.0000  307
52.0000  -6.00000  308
-12.0000  -12.0000  309
-52.0000  10.0000  310
4.00000  -10.0000  311
-20.0000  -38.0000  312
-16.0000  -40.0000  313
-20.0000  -18.0000  314
-24.0000  38.0000  315
-16.0000  16.0000  316
-0.00000  16.0000  317
8.00000  8.00000  318
4.00000  14.0000  319
-16.0000  -6.00000  320
24.0000  22.0000  321
12.0000  6.00000  322
16.0000  -28.0000  323
-0.00000  4.00000  324
12.0000  12.0000  325
-20.0000  -12.0000  326
20.0000  26.0000  327
-48.0000  -44.0000  328
8.00000  -8.00000  329
-20.0000  -24.0000  330
-16.0000  10.0000  331
-32.0000  12.0000  332
-8.00000  4.00000  333
-20.0000  -52.0000  334
8.00000  2.00000  335
8.00000  -2.00000  336
12.0000  12.0000  337
-12.0000  0.00000  338
-16.0000  -4.00000  339
-56.0000  -8.00000  340
20.0000  12.0000  341
-80.0000  -8.00000  342
-28.0000  14.0000  343
-0.00000  28.0000  344
20.0000  34.0000  345
52.0000  6.00000  346
-0.00000  -36.0000  347
-28.0000  -18.0000  348
-0.00000  -4.00000  349
12.0000  -22.0000  350
-32.0000  -12.0000  351
-4.00000  28.0000  352
12.0000  18.0000  353
4.00000  -32.0000  354
-8.00000  -6.00000  355
-8.00000  14.0000  356
-20.0000  44.0000  357
24.0000  -12.0000  358
12.0000  -14.0000  359
-48.0000  12.0000  360
-16.0000  4.00000  361
-56.0000  22.0000  362
-0.00000  -12.0000  363
-68.0000  20.0000  364
-12.0000  -6.00000  365
-8.00000  14.0000  366
-0.00000  10.0000  367
-72.0000  -18.0000  368
-32.0000  -22.0000  369
-4.00000  -18.0000  370
-20.0000  -16.0000  371
-24.0000  -2.00000  372
-16.0000  -14.0000  373
-0.00000  26.0000  374
-8.00000  16.0000  375
-8.00000  22.0000  376
-36.0000  14.0000  377
-20.0000  2.00000  378
24.0000  -6.00000  379
36.0000  0.00000  380
20.0000  4.00000  381
-20.0000  2.00000  382
40.0000  -8.00000  383
-0.00000  -26.0000  384
-20.0000  -8.00000  385
-48.0000  -12.0000  386
-16.0000  26.0000  387
-20.0000  16.0000  388
-88.0000  -38.0000  389
32.0000  -10.0000  390
-52.0000  -32.0000  391
8.00000  -8.00000  392
-20.0000  0.00000  393
-12.0000  -20.0000  394
-20.0000  -2.00000  395
-64.0000  -12.0000  396
-24.0000  26.0000  397
20.0000  6.00000  398
-44.0000  22.0000  399
4.00000  -14.0000  400
-4.00000  -14.0000  401
-48.0000  16.0000  402
20.0000  18.0000  403
-36.0000  2.00000  404
-0.00000  6.00000  405
-0.00000  12.0000  406
-0.00000  -22.0000  407
-8.00000  8.00000  408
24.0000  -38.0000  409
-28.0000  -8.00000  410
-0.00000  6.00000  411
-12.0000  -22.0000  412
-16.0000  34.0000  413
-28.0000  -10.0000  414
-20.0000  -22.0000  415
24.0000  14.0000  416
-40.0000  36.0000  417
-8.00000  36.0000  418
-44.0000  -4.00000  419
-8.00000  -18.0000  420
-8.00000  16.0000  421
52.0000  -14.0000  422
4.00000  -10.0000  423
84.0000  2.00000  424
28.0000  -16.0000  425
-28.0000  -12.0000  426
-60.0000  -6.00000  427
-52.0000  16.0000  428
-40.0000  26.0000  429
-40.0000  18.0000  430
-0.00000  -6.00000  431
-8.00000  8.00000  432
8.00000  -6.00000  433
-24.0000  56.0000  434
32.0000  10.0000  435
-44.0000  -14.0000  436
8.00000  2.00000  437
-36.0000  -10.0000  438
-36.0000  -4.00000  439
-4.00000  0.00000  440
-12.0000  18.0000  441
-0.00000  -8.00000  442
-12.0000  30.0000  443
4.00000  -6.00000  444
-8.00000  -28.0000  445
-12.0000  -2.00000  446
-20.0000  30.0000  447
-20.0000  -24.0000  448
-24.0000  -8.00000  449
-24.0000  -28.0000  450
12.0000  22.0000  451
-32.0000  -6.00000  452
4.00000  -2.00000  453
-32.0000  -2.00000  454
-12.0000  -6.00000  455
-40.0000  -60.0000  456
24.0000  -16.0000  457
4.00000  -20.0000  458
-12.0000  -18.0000  459
8.00000  -6.00000  460
-24.0000  18.0000  461
-16.0000  26.0000  462
4.00000  0.00000  463
12.0000  -2.00000  464
8.00000  -6.00000  465
-4.00000  -12.0000  466
8.00000  -12.0000  467
-36.0000  2.00000  468
12.0000  -36.0000  469
12.0000  -16.0000  470
24.0000  -18.0000  471
-16.0000  6.00000  472
-28.0000  4.00000  473
20.0000  -46.0000  474
-8.00000  4.00000  475
-28.0000  -30.0000  476
-28.0000  -14.0000  477
-44.0000  28.0000  478
-20.0000  18.0000  479
32.0000  0.00000  480
28.0000  18.0000  481
-24.0000  -6.00000  482
-32.0000  10.0000  483
-0.00000  16.0000  484
-60.0000  14.0000  485
-4.00000  -6.00000  486
-20.0000  -20.0000  487
-0.00000  28.0000  488
-8.00000  10.0000  489
-8.00000  36.0000  490
36.0000  2.00000  491
-52.0000  -26.0000  492
44.0000  12.0000  493
8.00000  0.00000  494
32.0000  -12.0000  495
-60.0000  -6.00000  496
-28.0000  -30.0000  497
8.00000  24.0000  498
20.0000  10.0000  499
