-800.000  400.000  0
-800.000  400.000  1
-800.000  400.000  2
-800.000  400.000  3
-800.000  400.000  4
-784.000  396.000  5
-800.000  400.000  6
-800.000  400.000  7
-800.000  400.000  8
-800.000  400.000  9
-800.000  400.000  10
-800.000  400.000  11
-792.000  398.000  12
-800.000  400.000  13
-800.000  400.000  14
-800.000  400.000  15
-800.000  400.000  16
-800.000  400.000  17
-800.000  400.000  18
-800.000  400.000  19
-800.000  400.000  20
-800.000  400.000  21
-800.000  400.000  22
-800.000  400.000  23
-800.000  400.000  24
-800.000  400.000  25
-800.000  400.000  26
-800.000  400.000  27
-800.000  400.000  28
-800.000  400.000  29
-800.000  400.000  30
-800.000  400.000  31
-800.000  400.000  32
-800.000  400.000  33
-800.000  400.000  34
-792.000  398.000  35
-800.000  400.000  36
-792.000  398.000  37
-792.000  398.000  38
-800.000  400.000  39
-800.000  400.000  40
-800.000  400.000  41
-800.000  400.000  42
-800.000  400.000  43
-800.000  400.000  44
-800.000  400.000  45
-800.000  400.000  46
-800.000  400.000  47
-800.000  400.000  48
-800.000  400.000  49
-800.000  400.000  50
-800.000  400.000  51
-800.000  400.000  52
-800.000  400.000  53
-800.000  400.000  54
-800.000  400.000  55
-800.000  400.000  56
-792.000  398.000  57
-800.000  400.000  58
-792.000  398.000  59
-800.000  400.000  60
-800.000  400.000  61
-800.000  400.000  62
-800.000  400.000  63
-800.000  400.000  64
-800.000  400.000  65
-800.000  400.000  66
-792.000  398.000  67
-800.000  400.000  68
-800.000  400.000  69
-800.000  400.000  70
-800.000  400.000  71
-800.000  400.000  72
-800.000  400.000  73
-800.000  400.000  74
-800.000  400.000  75
-800.000  400.000  76
-800.000  400.000  77
-800.000  400.000  78
-800.000  400.000  79
-800.000  400.000  80
-800.000  400.000  81
-800.000  400.000  82
-800.000  400.000  83
-800.000  400.000  84
-800.000  400.000  85
-800.000  400.000  86
-800.000  400.000  87
-800.000  400.000  88
-800.000  400.000  89
-792.000  398.000  90
-800.000  400.000  91
-800.000  400.000  92
-800.000  400.000  93
-784.000  396.000  94
-800.000  400.000  95
-800.000  400.000  96
-800.000  400.000  97
-800.000  400.000  98
-800.000  400.000  99
