-324.000  30.0000  0
-400.000  26.0000  1
-452.000  8.00000  2
-496.000  -4.00000  3
-564.000  24.0000  4
-596.000  28.0000  5
-624.000  50.0000  6
-628.000  62.0000  7
-624.000  80.0000  8
-624.000  64.0000  9
-632.000  62.0000  10
-652.000  76.0000  11
-652.000  64.0000  12
-648.000  64.0000  13
-652.000  82.0000  14
-660.000  94.0000  15
-656.000  70.0000  16
-664.000  90.0000  17
-660.000  104.000  18
-672.000  124.000  19
-688.000  126.000  20
-692.000  122.000  21
-692.000  116.000  22
-680.000  118.000  23
-684.000  122.000  24
-692.000  126.000  25
-684.000  120.000  26
-688.000  142.000  27
-680.000  152.000  28
-684.000  146.000  29
-688.000  146.000  30
-692.000  156.000  31
-692.000  160.000  32
-692.000  166.000  33
-704.000  184.000  34
-704.000  194.000  35
-704.000  202.000  36
-704.000  196.000  37
-700.000  184.000  38
-700.000  176.000  39
-700.000  184.000  40
-704.000  188.000  41
-700.000  206.000  42
-700.000  188.000  43
-704.000  208.000  44
-696.000  186.000  45
-700.000  202.000  46
-700.000  204.000  47
-692.000  206.000  48
-692.000  210.000  49
-704.000  224.000  50
-700.000  220.000  51
-704.000  218.000  52
-696.000  210.000  53
-704.000  226.000  54
-700.000  226.000  55
-708.000  206.000  56
-712.000  202.000  57
-708.000  194.000  58
-708.000  190.000  59
-704.000  192.000  60
-712.000  204.000  61
-704.000  222.000  62
-700.000  216.000  63
-700.000  208.000  64
-708.000  218.000  65
-704.000  214.000  66
-704.000  212.000  67
-708.000  224.000  68
-712.000  220.000  69
-712.000  226.000  70
-712.000  238.000  71
-708.000  252.000  72
-704.000  252.000  73
-716.000  274.000  74
-728.000  282.000  75
-728.000  292.000  76
-732.000  294.000  77
-736.000  298.000  78
-732.000  310.000  79
-736.000  312.000  80
-736.000  320.000  81
-744.000  324.000  82
-744.000  350.000  83
-760.000  358.000  84
-760.000  368.000  85
-768.000  380.000  86
-768.000  382.000  87
-772.000  388.000  88
-776.000  392.000  89
-784.000  394.000  90
-784.000  394.000  91
-784.000  396.000  92
-792.000  398.000  93
-800.000  400.000  94
-800.000  400.000  95
-792.000  398.000  96
-800.000  400.000  97
-800.000  400.000  98
-800.000  400.000  99
-800.000  400.000  100
-792.000  398.000  101
-800.000  400.000  102
-792.000  398.000  103
-800.000  400.000  104
-800.000  400.000  105
-800.000  400.000  106
-800.000  400.000  107
-800.000  400.000  108
-800.000  400.000  109
-800.000  400.000  110
-800.000  400.000  111
-792.000  398.000  112
-800.000  400.000  113
-800.000  400.000  114
-792.000  398.000  115
-800.000  400.000  116
-800.000  400.000  117
-800.000  400.000  118
-800.000  400.000  119
-800.000  400.000  120
-800.000  400.000  121
-800.000  400.000  122
-800.000  400.000  123
-800.000  400.000  124
-800.000  400.000  125
-800.000  400.000  126
-800.000  400.000  127
-800.000  400.000  128
-800.000  400.000  129
-800.000  400.000  130
-800.000  400.000  131
-800.000  400.000  132
-800.000  400.000  133
-800.000  400.000  134
-800.000  400.000  135
-800.000  400.000  136
-800.000  400.000  137
-800.000  400.000  138
-800.000  400.000  139
-800.000  400.000  140
-800.000  400.000  141
-800.000  400.000  142
-800.000  400.000  143
-800.000  400.000  144
-800.000  400.000  145
-800.000  400.000  146
-800.000  400.000  147
-800.000  400.000  148
-800.000  400.000  149
-800.000  400.000  150
-800.000  400.000  151
-800.000  400.000  152
-800.000  400.000  153
-800.000  400.000  154
-800.000  400.000  155
-800.000  400.000  156
-800.000  400.000  157
-800.000  400.000  158
-800.000  400.000  159
-800.000  400.000  160
-800.000  400.000  161
-800.000  400.000  162
-800.000  400.000  163
-800.000  400.000  164
-800.000  400.000  165
-800.000  400.000  166
-800.000  400.000  167
-800.000  400.000  168
-800.000  400.000  169
-800.000  400.000  170
-800.000  400.000  171
-800.000  400.000  172
-800.000  400.000  173
-800.000  400.000  174
-800.000  400.000  175
-800.000  400.000  176
-792.000  398.000  177
-800.000  400.000  178
-800.000  400.000  179
-800.000  400.000  180
-800.000  400.000  181
-800.000  400.000  182
-800.000  400.000  183
-800.000  400.000  184
-800.000  400.000  185
-800.000  400.000  186
-800.000  400.000  187
-800.000  400.000  188
-800.000  400.000  189
-800.000  400.000  190
-800.000  400.000  191
-800.000  400.000  192
-800.000  400.000  193
-800.000  400.000  194
-792.000  398.000  195
-800.000  400.000  196
-800.000  400.000  197
-800.000  400.000  198
-800.000  400.000  199
-800.000  400.000  200
-800.000  400.000  201
-800.000  400.000  202
-800.000  400.000  203
-800.000  400.000  204
-800.000  400.000  205
-800.000  400.000  206
-800.000  400.000  207
-800.000  400.000  208
-800.000  400.000  209
-800.000  400.000  210
-800.000  400.000  211
-800.000  400.000  212
-800.000  400.000  213
-800.000  400.000  214
-792.000  398.000  215
-800.000  400.000  216
-800.000  400.000  217
-800.000  400.000  218
-800.000  400.000  219
-792.000  398.000  220
-800.000  400.000  221
-800.000  400.000  222
-800.000  400.000  223
-800.000  400.000  224
-800.000  400.000  225
-800.000  400.000  226
-800.000  400.000  227
-800.000  400.000  228
-800.000  400.000  229
-800.000  400.000  230
-800.000  400.000  231
-800.000  400.000  232
-800.000  400.000  233
-800.000  400.000  234
-800.000  400.000  235
-800.000  400.000  236
-800.000  400.000  237
-800.000  400.000  238
-800.000  400.000  239
-800.000  400.000  240
-800.000  400.000  241
-800.000  400.000  242
-800.000  400.000  243
-800.000  400.000  244
-800.000  400.000  245
-800.000  400.000  246
-800.000  400.000  247
-800.000  400.000  248
-792.000  398.000  249
-800.000  400.000  250
-800.000  400.000  251
-800.000  400.000  252
-800.000  400.000  253
-800.000  400.000  254
-800.000  400.000  255
-800.000  400.000  256
-800.000  400.000  257
-800.000  400.000  258
-800.000  400.000  259
-800.000  400.000  260
-800.000  400.000  261
-800.000  400.000  262
-800.000  400.000  263
-800.000  400.000  264
-800.000  400.000  265
-800.000  400.000  266
-792.000  398.000  267
-800.000  400.000  268
-800.000  400.000  269
-800.000  400.000  270
-800.000  400.000  271
-800.000  400.000  272
-800.000  400.000  273
-800.000  400.000  274
-800.000  400.000  275
-800.000  400.000  276
-800.000  400.000  277
-800.000  400.000  278
-800.000  400.000  279
-800.000  400.000  280
-800.000  400.000  281
-800.000  400.000  282
-800.000  400.000  283
-800.000  400.000  284
-800.000  400.000  285
-800.000  400.000  286
-800.000  400.000  287
-800.000  400.000  288
-800.000  400.000  289
-792.000  398.000  290
-792.000  398.000  291
-792.000  398.000  292
-800.000  400.000  293
-800.000  400.000  294
-800.000  400.000  295
-800.000  400.000  296
-800.000  400.000  297
-800.000  400.000  298
-800.000  400.000  299
-800.000  400.000  300
-800.000  400.000  301
-800.000  400.000  302
-800.000  400.000  303
-800.000  400.000  304
-800.000  400.000  305
-800.000  400.000  306
-800.000  400.000  307
-800.000  400.000  308
-800.000  400.000  309
-792.000  398.000  310
-800.000  400.000  311
-800.000  400.000  312
-792.000  398.000  313
-792.000  398.000  314
-800.000  400.000  315
-800.000  400.000  316
-800.000  400.000  317
-800.000  400.000  318
-792.000  398.000  319
-800.000  400.000  320
-800.000  400.000  321
-800.000  400.000  322
-800.000  400.000  323
-800.000  400.000  324
-800.000  400.000  325
-800.000  400.000  326
-800.000  400.000  327
-800.000  400.000  328
-792.000  398.000  329
-792.000  398.000  330
-792.000  398.000  331
-800.000  400.000  332
-800.000  400.000  333
-800.000  400.000  334
-800.000  400.000  335
-800.000  400.000  336
-800.000  400.000  337
-800.000  400.000  338
-800.000  400.000  339
-800.000  400.000  340
-800.000  400.000  341
-800.000  400.000  342
-800.000  400.000  343
-800.000  400.000  344
-800.000  400.000  345
-800.000  400.000  346
-800.000  400.000  347
-800.000  400.000  348
-800.000  400.000  349
-800.000  400.000  350
-800.000  400.000  351
-800.000  400.000  352
-800.000  400.000  353
-800.000  400.000  354
-800.000  400.000  355
-800.000  400.000  356
-800.000  400.000  357
-800.000  400.000  358
-800.000  400.000  359
-800.000  400.000  360
-800.000  400.000  361
-800.000  400.000  362
-800.000  400.000  363
-800.000  400.000  364
-800.000  400.000  365
-800.000  400.000  366
-800.000  400.000  367
-800.000  400.000  368
-800.000  400.000  369
-800.000  400.000  370
-800.000  400.000  371
-800.000  400.000  372
-800.000  400.000  373
-800.000  400.000  374
-800.000  400.000  375
-800.000  400.000  376
-800.000  400.000  377
-800.000  400.000  378
-800.000  400.000  379
-800.000  400.000  380
-800.000  400.000  381
-800.000  400.000  382
-800.000  400.000  383
-800.000  400.000  384
-800.000  400.000  385
-800.000  400.000  386
-800.000  400.000  387
-800.000  400.000  388
-800.000  400.000  389
-800.000  400.000  390
-800.000  400.000  391
-800.000  400.000  392
-800.000  400.000  393
-800.000  400.000  394
-800.000  400.000  395
-800.000  400.000  396
-792.000  398.000  397
-800.000  400.000  398
-800.000  400.000  399
-800.000  400.000  400
-800.000  400.000  401
-800.000  400.000  402
-800.000  400.000  403
-800.000  400.000  404
-800.000  400.000  405
-800.000  400.000  406
-800.000  400.000  407
-800.000  400.000  408
-800.000  400.000  409
-800.000  400.000  410
-800.000  400.000  411
-800.000  400.000  412
-800.000  400.000  413
-800.000  400.000  414
-800.000  400.000  415
-800.000  400.000  416
-800.000  400.000  417
-800.000  400.000  418
-800.000  400.000  419
-800.000  400.000  420
-800.000  400.000  421
-800.000  400.000  422
-800.000  400.000  423
-800.000  400.000  424
-800.000  400.000  425
-800.000  400.000  426
-800.000  400.000  427
-800.000  400.000  428
-800.000  400.000  429
-800.000  400.000  430
-800.000  400.000  431
-800.000  400.000  432
-800.000  400.000  433
-800.000  400.000  434
-800.000  400.000  435
-800.000  400.000  436
-800.000  400.000  437
-800.000  400.000  438
-800.000  400.000  439
-800.000  400.000  440
-800.000  400.000  441
-800.000  400.000  442
-800.000  400.000  443
-800.000  400.000  444
-800.000  400.000  445
-800.000  400.000  446
-800.000  400.000  447
-800.000  400.000  448
-800.000  400.000  449
-800.000  400.000  450
-800.000  400.000  451
-800.000  400.000  452
-792.000  398.000  453
-792.000  398.000  454
-800.000  400.000  455
-792.000  398.000  456
-800.000  400.000  457
-800.000  400.000  458
-800.000  400.000  459
-800.000  400.000  460
-788.000  396.000  461
-788.000  396.000  462
-788.000  396.000  463
-784.000  394.000  464
-784.000  396.000  465
-780.000  394.000  466
-788.000  396.000  467
-792.000  398.000  468
-800.000  400.000  469
-800.000  400.000  470
-800.000  400.000  471
-800.000  400.000  472
-800.000  400.000  473
-800.000  400.000  474
-800.000  400.000  475
-800.000  400.000  476
-800.000  400.000  477
-800.000  400.000  478
-800.000  400.000  479
-800.000  400.000  480
-800.000  400.000  481
-800.000  400.000  482
-800.000  400.000  483
-800.000  400.000  484
-800.000  400.000  485
-800.000  400.000  486
-800.000  400.000  487
-800.000  400.000  488
-800.000  400.000  489
-800.000  400.000  490
-800.000  400.000  491
-800.000  400.000  492
-800.000  400.000  493
-800.000  400.000  494
-800.000  400.000  495
-800.000  400.000  496
-800.000  400.000  497
-800.000  400.000  498
-800.000  400.000  499
