2.00000  -698.257  364.557  289.135  152.030
2.00937  -695.548  363.244  297.644  170.066
2.01875  -692.656  361.923  304.376  183.489
2.02813  -689.827  360.549  312.182  202.114
2.03750  -686.769  359.057  321.083  215.195
2.04688  -683.655  357.510  329.341  228.821
2.05625  -680.622  356.024  337.091  248.744
2.06562  -677.257  354.125  348.929  286.703
2.07500  -673.974  352.380  358.607  317.168
2.08438  -670.623  350.603  368.393  339.279
2.09375  -667.150  348.610  378.455  380.273
2.10312  -663.693  346.833  387.569  383.414
2.11250  -660.031  344.681  398.051  424.744
2.12187  -656.253  342.498  408.209  453.766
2.13125  -652.248  339.865  423.378  523.476
2.14062  -648.186  337.177  439.210  607.860
2.15000  -643.770  333.840  456.300  726.639
2.15937  -639.705  331.628  465.413  711.955
2.16875  -635.546  328.648  479.295  814.693
2.17813  -630.507  324.791  495.764  917.510
2.18750  -625.821  321.095  513.549  1049.32
2.19687  -621.227  317.503  528.826  1166.49
2.20625  -615.918  313.002  547.761  1327.45
2.21562  -610.308  307.909  570.534  1515.25
2.22500  -605.029  303.029  581.732  1683.51
2.23438  -599.290  297.636  605.111  1881.80
2.24375  -594.818  294.696  601.698  1850.23
2.25312  -588.219  287.153  629.518  2204.93
2.26250  -583.315  283.403  629.226  2236.53
2.27187  -577.423  277.440  638.728  2408.34
2.28125  -570.445  269.720  649.938  2625.67
2.29062  -564.677  263.277  659.397  2821.00
