2.00000  -697.531  364.615  311.618  141.906
2.00937  -698.185  364.673  289.072  166.389
2.01875  -695.668  363.918  299.971  177.829
2.02813  -690.882  361.456  328.756  205.904
2.03750  -686.916  358.934  339.230  257.954
2.04688  -684.592  358.749  332.653  240.777
2.05625  -682.030  356.484  373.480  337.723
2.06562  -680.218  355.980  384.139  344.874
2.07500  -671.504  352.987  456.890  492.739
2.08438  -628.000  -336.000  0.00000  0.00000
2.09375  0.616617  0.320320  -86.7323  -49.0054
2.10312  0.308154  0.160080  -42.9374  -24.3691
2.11250  0.205402  0.106702  -28.3620  -16.1686
2.12187  0.154039  0.0800200  -21.0804  -12.0708
2.13125  0.123225  0.0640128  -16.7146  -9.61323
2.14062  0.102684  0.0533422  -13.8062  -7.97541
2.15000  0.0880126  0.0457208  -11.7303  -6.80593
2.15937  0.0770096  0.0400050  -10.1748  -5.92912
2.16875  0.0684521  0.0355595  -8.96595  -5.24740
2.17813  0.0616062  0.0320032  -7.99987  -4.70223
2.18750  0.0560051  0.0290936  -7.21027  -4.25636
2.19687  0.0513376  0.0266689  -6.55303  -3.88495
2.20625  0.0473883  0.0246173  -5.99757  -3.57083
2.21562  0.0440031  0.0228588  -5.52208  -3.30170
2.22500  0.0410694  0.0213348  -5.11055  -3.06857
2.23438  0.0385024  0.0200013  -4.75098  -2.86469
2.24375  0.0362374  0.0188246  -4.43419  -2.68490
2.25312  0.0342241  0.0177788  -4.15304  -2.52517
2.26250  0.0324228  0.0168430  -3.90190  -2.38234
2.27187  0.0308015  0.0160008  -3.67626  -2.25387
2.28125  0.0293347  0.0152388  -3.47246  -2.13771
2.29062  0.0280013  0.0145461  -3.28753  -2.03218
